1861
1908
1862
1942
1947
1860
2075
1859
1859
1863
1860
1995
1893
1943
1863
1860
1891
1891
1859
1862
1862
1896
2750
2121
1896
1890
1863
1861
1892
1952
1861
1899
1889
1865
2296
1892
1859
1858
1937
1890
1894
1860
1892
1908
1946
1861
1890
1862
1860
1893
1894
1864
1860
1890
1889
1861
1891
1905
1893
1861
1861
1860
1858
1846
1815
1845
1948
1846
2005
1845
1817
1846
1923
1891
1845
1818
1862
1861
1890
1858
1864
1861
1911
2144
1905
1891
1858
1892
2177
2153
1971
1861
1861
1931
1891
1891
1864
1911
1891
1865
2117
2239
1938
1911
1908
1911
1939
1912
1916
1938
1940
1909
1908
1939
1906
1938
1892
1861
2008
1890
1864
1861
1891
1890
1889
1860
2138
1931
1892
1891
1890
1899
1891
1891
1979
1890
1891
1891
1891
1861
1862
1867
1891
1862
1862
1864
1860
1947
1893
1864
1924
1890
1871
1891
1914
1862
1892
1894
1860
1890
1891
2039
1988
1860
1893
1859
1909
2288
2344
1939
1905
1937
1938
1937
1960
1909
1955
1907
1938
1918
1941
1937
1938
1860
1943
1862
1890
1964
1891
1892
1861
1863
1890
1890
1890
1861
1892
1861
1892
1860
1862
1890
1866
1859
1892
1861
1892
1918
1866
1859
1889
1934
2098
1862
1861
1873
1859
1862
1861
1863
1859
1971
1894
1860
1891
1860
1892
1861
1903
1892
1891
1934
1892
1860
1934
1935
1893
1936
1891
1861
1860
1892
2104
1890
1891
1860
1863
1863
2016
1891
1966
1858
1862
1860
2186
1952
1864
1895
1861
1892
1860
1892
1890
1861
1858
1894
1863
1901
1859
1861
1892
1907
1862
1861
1897
1891
1964
1890
1861
1891
1860
1863
1860
1858
1859
1893
1861
1935
1901
1895
1857
1863
1890
1860
1891
1890
1957
1860
1892
1860
1893
1976
2163
1863
1891
2442
1861
1890
2070
2030
1862
1902
1861
1893
1890
1861
1860
1890
1859
1860
1892
1876
1857
1859
1862
1939
1893
1860
1890
1860
1891
1891
1938
1861
1861
1892
1857
1940
1860
1862
1858
1861
1860
1891
1848
1843
1995
1845
1948
1896
1869
1816
1846
1816
1847
1880
1845
1846
1860
1891
1890
1891
1950
1910
1858
1860
1938
1862
1861
1860
1995
1892
1858
1860
1862
1860
1859
1951
1863
1892
1860
1862
1892
1874
1861
1893
1892
1892
1891
1863
1890
1858
1891
1902
1893
1891
1890
1861
1861
1813
1895
1819
1846
2216
1959
2009
1814
1815
1818
1845
1851
1817
1892
1860
1892
1860
1891
1889
1861
1975
1892
1863
1859
1862
1861
1892
1889
1937
1892
1861
1891
1859
1925
1892
1939
1860
1890
1861
2170
1891
1891
1859
1861
1891
1891
1919
1896
1891
1861
1860
1857
1860
1891
1845
1819
1947
1815
1847
1815
1845
1847
2093
1849
1816
1844
1893
1816
1940
1895
1813
1845
1844
1846
1845
1897
1911
1847
1969
1900
1845
1845
1861
1903
1890
1891
1862
1930
1891
1859
1859
1892
1891
1862
1862
1877
1815
1846
2132
2054
1816
1849
1857
1847
1844
1817
1845
1844
1815
1891
1897
1858
1860
1858
1893
1890
1860
1934
1923
1890
1951
1862
1896
1862
1892
1900
1892
1939
1909
1890
1863
1892
1862
1891
2086
1895
1862
1893
1899
1891
1861
1860
1890
1891
1860
1890
1892
1972
1891
1890
1819
1955
1846
1814
2193
1817
1817
1845
1847
1845
1846
1920
1847
1882
1859
1859
1859
1964
1890
1863
1892
1890
1890
1860
1964
1890
1863
1891
1863
1889
1860
1860
1860
1859
2087
1933
1863
1860
2244
1891
1916
1908
1906
1937
1904
1941
1906
1911
1936
1906
1939
1905
1940
1909
1846
1890
1815
1846
2033
1818
1817
2002
1905
1818
1847
1815
1846
1937
1891
1862
1891
1890
1891
1893
1861
1895
1859
1891
1891
1912
1862
1892
1863
1890
1865
1861
1860
1933
1924
2213
1860
1893
1861
2234
1906
1938
1908
1915
1985
1938
1909
2008
1939
1905
1937
1920
1907
1937
1940
1907
1964
1906
1946
1907
1938
1937
1911
1907
1927
1937
1862
1859
1862
1892
1909
1889
1868
1860
2017
1893
2018
1943
1863
1906
1906
1927
1912
2954
1941
1911
1963
2130
1912
1983
1909
1910
1938
1907
1959
1908
1910
1908
1940
3093
2160
1909
1908
1913
1909
2004
1858
1860
2011
1893
1859
1862
1859
1860
1862
1959
1866
1860
1892
1863
1998
2228
2006
1893
1890
1864
1892
1861
2133
1884
1939
1910
1906
1911
1914
1906
1939
2945
2162
2017
1906
1908
1908
1907
1909
1947
1910
1905
1938
1908
1905
1942
1956
1917
1908
3048
2117
2401
2054
1928
1937
1927
1950
1938
1938
1919
1908
1937
1907
1938
1943
1911
1927
1908
1940
1910
1928
1915
1906
1938
1949
1905
1907
1927
1906
1937
1906
1937
1936
1906
1926
1907
1908
1937
1914
1906
1969
1910
1907
1909
1941
1907
1947
1914
1939
1945
1907
3050
2154
2002
1906
1938
1917
1939
1945
1916
1909
1970
1907
1907
1938
1907
1975
1906
1907
1944
1907
1908
3187
1926
1939
1908
1948
2301
2016
1938
1938
1906
1942
1938
1948
1938
1963
1940
1941
1937
1938
2986
2119
1931
1939
1906
1906
1945
1911
1942
3064
2155
2021
1959
2017
1891
1862
1892
1890
2320
1987
1990
1947
1909
1907
1939
1950
1941
1939
1905
1909
1905
1907
1910
1909
1860
1973
3022
2153
1903
1863
1892
1862
1891
1890
1858
1974
1892
1892
2010
1891
1899
1862
1862
1892
1860
1861
1891
2232
2095
1974
1907
1907
1907
1934
1912
1954
1969
1908
1939
1937
1937
1938
1938
1891
1892
1890
1860
1861
1860
1859
1891
1899
1859
1892
1890
1890
1861
1860
2027
1861
2034
2030
1890
1890
1862
1890
1893
2085
1860
1894
1939
1892
1860
2005
1893
1891
1860
1892
1861
1893
1865
1861
2783
2152
1894
1861
1899
1903
1917
1862
1889
1889
1859
3121
2356
2154
2209
1864
1892
1898
1862
1997
2026
1892
1890
2156
1891
1922
1905
1907
1938
1908
1937
1928
1954
1905
1938
1939
1937
1910
