34
34
35
35
35
34
70
35
34
34
33
34
34
34
34
33
34
34
34
34
33
33
34
34
34
33
33
33
34
33
34
34
34
34
33
33
34
33
34
33
34
34
34
33
34
34
33
34
34
33
34
34
34
35
34
34
35
34
35
36
35
35
35
35
35
37
35
34
35
35
34
34
34
35
34
34
35
34
34
34
35
35
34
35
35
35
34
35
36
35
35
35
35
34
34
34
35
35
34
35
34
34
35
35
34
34
34
35
36
35
35
34
35
35
34
35
35
35
35
35
35
35
34
35
35
35
35
36
34
34
35
35
34
35
34
34
34
34
35
33
33
34
34
33
34
62
34
34
34
33
62
34
33
34
33
34
34
34
35
37
40
41
41
40
40
41
42
42
42
42
41
40
40
41
40
39
40
39
39
40
38
35
33
33
34
34
33
33
34
33
34
34
34
34
33
34
34
33
34
34
34
34
35
33
33
33
34
34
34
33
35
33
34
34
34
34
34
34
34
33
35
36
34
35
35
34
34
34
35
35
34
35
35
34
35
34
34
35
35
35
34
35
34
34
34
35
36
34
35
35
35
35
35
34
34
34
34
34
36
36
35
35
34
34
33
33
34
34
34
34
34
34
33
33
34
34
34
34
35
34
35
33
34
34
34
34
34
33
34
34
36
33
33
34
62
34
55
45
45
40
39
39
39
39
38
39
37
35
34
35
34
34
34
36
35
34
35
34
34
34
34
35
35
34
34
34
34
34
35
34
34
35
34
34
35
34
33
33
34
34
34
34
33
34
34
33
34
34
33
34
34
34
33
34
33
34
33
34
34
34
34
33
34
34
34
34
34
33
34
34
34
34
34
34
34
33
34
47
35
34
34
35
34
34
35
34
35
34
35
35
35
35
35
35
35
35
35
34
35
34
34
35
35
34
34
35
35
35
35
34
36
34
34
35
35
35
35
35
35
35
35
34
34
34
34
34
35
35
35
35
34
34
35
35
34
34
35
35
34
35
35
35
34
36
35
35
35
35
35
34
35
34
34
35
35
35
35
34
34
34
35
35
35
35
34
34
34
33
33
34
33
34
34
34
34
33
34
34
48
33
33
34
34
33
33
34
33
33
33
34
34
33
33
33
33
34
33
34
33
34
34
33
34
34
34
34
34
34
35
34
34
34
35
34
34
34
34
35
35
35
34
34
34
34
35
35
34
35
34
35
35
35
34
35
34
35
35
34
34
34
35
34
34
35
34
35
34
35
35
34
34
35
34
34
33
34
33
63
33
34
33
34
34
33
35
33
35
34
33
34
33
34
33
34
33
34
34
34
34
34
33
33
34
34
33
33
33
34
34
51
33
34
33
34
34
35
34
35
35
34
35
34
34
35
34
34
34
34
36
35
34
34
35
34
34
34
34
34
35
34
35
35
35
34
34
35
34
34
34
35
35
35
34
35
36
35
35
34
35
34
33
34
34
34
33
33
34
34
33
33
33
34
33
34
34
33
34
34
33
34
33
34
33
34
33
34
34
34
33
33
34
34
34
34
34
33
34
33
34
34
33
34
33
33
57
34
33
33
34
49
34
34
34
34
34
34
34
34
34
35
34
33
34
34
33
34
34
34
34
34
34
33
34
33
33
33
34
33
33
34
33
34
49
34
33
35
34
34
35
34
35
35
34
35
35
35
35
34
35
35
35
34
35
34
35
35
34
36
35
35
34
34
35
34
35
35
35
34
35
34
35
35
35
34
35
35
35
34
35
34
34
34
34
34
34
34
34
33
34
33
34
34
34
34
33
33
33
34
34
33
34
34
33
35
34
34
34
33
34
34
34
35
33
33
34
34
34
34
34
34
33
33
33
34
34
34
33
33
34
34
33
33
34
33
34
34
34
33
54
34
34
34
34
34
34
34
33
33
33
33
33
34
34
33
33
33
33
34
34
34
34
34
34
33
34
34
34
34
34
35
34
35
35
34
34
34
34
34
35
35
35
36
34
35
34
34
34
35
35
35
35
34
35
34
35
35
34
35
35
35
34
35
35
35
34
35
35
34
35
34
33
34
33
34
34
34
34
33
33
34
34
34
38
34
33
34
33
34
33
33
34
34
34
34
33
33
34
34
33
34
34
34
33
33
34
33
34
34
33
34
34
34
34
35
35
34
35
35
34
35
35
34
35
34
34
35
35
34
35
34
35
34
34
35
34
34
35
34
35
35
34
35
34
34
34
35
35
37
35
35
35
34
34
35
34
34
34
35
34
34
34
34
35
34
35
34
34
34
34
35
