59
57
57
57
58
58
57
57
57
57
57
76
57
57
58
57
57
58
58
57
58
58
57
57
57
57
57
57
57
56
55
56
56
56
56
56
55
58
56
56
55
56
56
56
56
56
105
56
56
56
56
56
56
56
56
55
56
56
56
56
57
55
56
79
56
103
56
56
56
56
57
57
58
58
57
57
58
58
57
58
57
58
58
57
57
57
57
70
57
58
57
57
58
58
57
57
57
58
57
57
58
57
57
57
57
115
57
57
57
57
57
57
56
56
56
55
55
56
55
56
94
56
56
56
56
56
55
56
56
56
56
56
56
55
56
56
56
55
56
56
56
57
56
55
56
56
56
56
56
56
56
58
56
59
57
57
57
57
62
58
59
57
57
57
57
57
57
57
58
58
58
58
59
57
57
58
58
57
58
58
58
57
57
57
57
57
58
58
57
57
57
58
58
57
57
57
58
58
59
57
57
57
59
57
57
57
58
58
57
58
57
57
57
57
57
57
57
58
57
57
57
58
57
57
57
57
57
58
58
57
57
57
57
57
57
57
57
56
56
56
56
55
56
56
56
56
56
58
56
58
56
56
56
55
56
55
56
56
56
56
56
56
56
56
56
55
56
56
57
56
55
56
56
55
55
56
56
55
56
56
56
56
56
56
55
56
56
56
56
56
55
56
56
56
55
56
55
56
56
56
56
58
56
56
56
56
56
56
55
56
56
56
56
71
56
56
56
55
56
58
57
57
58
57
57
57
57
57
57
57
58
58
57
58
58
57
58
57
57
57
58
58
57
57
57
57
57
57
57
57
57
58
57
58
57
57
57
57
58
57
57
58
57
57
57
57
57
57
57
57
58
58
58
57
57
58
57
57
57
59
58
58
57
57
57
58
57
57
57
57
57
57
57
57
57
58
57
57
57
57
57
57
56
56
56
55
56
60
56
57
56
56
55
56
56
57
58
55
56
55
58
56
56
56
56
56
55
55
56
56
56
56
56
56
56
56
57
57
55
56
56
56
55
56
56
56
56
113
56
56
55
56
56
55
56
56
56
55
55
55
56
56
55
55
56
55
56
56
56
56
55
56
56
56
56
56
56
56
56
56
56
56
55
55
56
55
56
56
56
56
56
56
56
56
56
56
56
56
56
55
55
56
56
56
56
56
56
56
56
56
57
56
56
57
56
56
56
56
56
56
56
57
56
56
56
56
57
56
55
55
56
56
56
56
56
56
56
57
56
57
56
57
70
56
58
57
57
58
56
56
56
56
56
56
56
91
57
56
56
56
55
56
56
56
56
56
56
56
57
57
57
58
57
58
57
57
57
57
57
58
57
58
57
57
58
57
57
57
57
57
57
58
57
57
57
57
58
57
57
57
57
57
57
57
57
57
58
58
57
57
57
56
55
56
56
55
56
56
56
56
56
56
56
56
56
55
56
56
56
56
56
56
55
56
55
56
56
55
56
55
56
56
56
56
56
56
56
56
56
56
56
56
58
56
56
56
56
55
56
56
56
56
56
56
56
56
56
56
56
56
56
56
56
58
56
56
56
56
55
62
56
55
55
56
56
57
56
56
57
56
56
56
56
55
56
56
55
56
55
56
56
56
56
56
56
56
56
56
56
56
56
56
56
56
56
56
56
55
56
55
56
56
55
56
56
56
56
56
57
56
56
57
56
56
57
56
56
56
56
56
56
56
56
57
80
57
56
56
56
56
93
56
56
55
56
56
56
55
56
56
56
56
56
56
56
56
56
56
56
56
56
56
56
57
55
55
56
56
57
58
57
57
58
58
58
58
57
57
57
57
57
57
57
57
57
57
57
57
57
58
57
57
57
57
57
57
58
59
57
57
58
57
57
57
57
58
58
57
57
58
56
56
56
55
55
56
58
55
56
56
56
57
56
56
56
55
56
56
56
56
56
56
56
56
56
55
56
56
56
56
56
56
56
56
56
56
56
55
57
56
56
56
56
58
56
56
56
56
56
57
56
56
55
55
56
56
56
56
56
56
56
56
56
56
56
55
56
56
55
56
55
56
56
56
56
56
56
56
56
55
56
56
55
56
55
57
56
56
92
57
56
55
56
56
56
56
56
56
56
56
56
56
56
56
55
56
56
56
56
56
56
56
55
55
56
56
56
56
56
56
58
56
56
56
56
56
56
56
56
56
56
56
57
86
56
55
56
56
56
56
56
56
56
55
56
56
56
56
56
56
55
56
56
56
56
55
56
56
56
56
56
56
56
57
55
56
57
57
58
57
57
58
58
57
57
57
58
57
57
57
