87
88
87
87
86
86
87
87
87
87
87
88
87
87
86
87
87
87
87
87
88
87
88
87
86
87
85
85
85
87
85
86
85
85
85
85
85
85
84
85
85
85
85
86
85
85
84
84
84
85
85
85
85
85
85
85
85
84
86
85
85
85
85
84
84
85
85
85
85
85
85
86
85
85
84
86
85
84
84
85
85
85
85
84
84
85
85
85
85
99
85
85
85
85
85
84
84
84
85
84
84
85
85
85
85
85
85
85
85
85
85
85
84
85
85
86
85
84
87
85
85
85
85
85
84
85
85
85
85
85
85
85
84
85
85
85
85
85
85
84
85
84
84
85
85
85
85
84
85
85
114
85
104
86
84
85
84
85
85
85
85
85
85
84
84
85
85
84
84
85
84
85
84
85
85
85
85
85
84
85
85
85
85
87
87
87
87
87
86
87
87
87
87
87
87
88
87
87
87
86
87
87
87
87
87
87
87
87
87
87
87
87
87
87
87
87
88
87
87
86
87
87
98
85
85
85
84
85
84
85
85
84
85
85
85
139
101
84
85
85
84
85
85
85
85
85
85
84
85
85
85
85
85
85
151
85
86
88
85
87
86
87
90
87
87
87
87
94
87
87
87
87
87
87
87
87
87
88
87
86
87
87
87
88
87
87
86
86
87
87
87
86
86
86
87
86
86
87
85
85
84
85
84
85
85
84
85
85
84
85
84
84
85
85
84
85
85
85
85
85
85
85
84
84
85
84
85
84
84
85
84
85
85
85
85
85
85
85
85
85
85
85
85
85
85
166
127
85
113
85
87
87
87
88
86
87
84
84
85
85
84
159
85
85
85
85
85
85
85
85
85
84
84
85
85
84
87
87
87
87
87
88
87
86
87
87
86
87
88
87
87
87
87
87
87
87
87
88
87
87
88
87
87
87
86
87
87
87
87
88
87
87
87
87
87
86
87
88
87
87
87
88
88
87
87
87
87
87
87
87
88
86
87
86
87
87
87
87
87
87
87
87
87
87
87
87
87
87
86
87
87
86
87
87
85
86
85
84
86
84
84
85
85
85
84
85
85
85
85
85
85
85
86
85
84
85
86
85
86
85
85
85
84
86
85
85
90
85
85
85
85
84
85
85
84
86
85
85
84
85
85
85
85
85
85
85
85
85
84
85
85
85
85
85
84
85
85
85
85
85
85
85
84
84
85
90
160
87
87
87
85
84
86
87
87
87
88
87
87
87
87
87
87
87
87
87
87
87
88
87
86
87
87
86
86
89
87
87
87
87
87
87
87
87
87
87
87
86
86
87
86
85
84
85
85
84
86
84
85
85
85
85
85
85
85
85
85
84
84
86
85
85
84
84
84
85
85
85
84
86
85
123
85
130
163
85
85
85
85
87
86
88
87
87
86
87
86
89
87
87
87
86
87
87
87
87
88
87
88
87
92
87
87
87
86
87
87
87
87
86
86
86
87
87
88
87
87
87
85
85
84
85
86
85
84
85
84
85
85
85
85
85
84
85
85
85
85
128
85
85
85
85
84
85
87
85
85
85
84
85
87
84
85
85
84
84
85
85
85
85
85
85
85
85
85
84
84
86
84
85
84
85
85
84
85
84
85
84
85
85
85
85
84
84
86
85
85
85
84
85
85
85
84
85
85
84
84
85
84
85
85
86
85
85
140
85
85
84
85
86
85
87
84
85
85
85
84
85
85
85
85
128
85
85
85
84
85
85
85
85
85
85
86
85
85
84
89
87
87
86
88
87
86
87
87
86
87
87
87
87
87
87
87
87
87
86
87
87
86
86
87
87
87
87
87
87
87
87
87
87
87
87
87
87
86
84
85
86
85
85
84
85
85
85
85
84
84
85
85
85
85
84
85
85
85
85
86
96
85
85
87
85
85
85
85
85
84
85
84
84
85
173
85
85
84
85
85
85
84
84
84
85
87
85
85
84
85
85
85
85
85
84
85
84
85
85
85
85
85
85
85
85
85
85
85
85
85
84
85
86
85
85
86
85
85
85
86
85
86
84
85
85
84
85
85
84
85
85
84
85
85
85
85
84
85
85
85
85
84
85
85
84
84
85
85
85
133
86
85
85
85
85
85
85
85
85
84
85
85
85
85
85
84
85
84
85
84
85
85
85
84
85
85
85
85
85
85
85
85
84
85
85
84
85
84
85
85
84
85
84
85
85
85
84
85
85
84
85
84
85
85
85
84
84
85
84
100
86
85
87
86
85
85
85
85
85
84
84
85
85
85
84
84
85
85
84
85
85
85
84
