133
136
136
137
136
136
138
136
136
136
136
136
135
137
138
136
276
151
151
136
136
136
136
136
137
137
135
136
136
136
136
136
136
136
138
136
137
133
132
133
135
133
135
132
133
133
132
134
134
133
132
133
133
133
176
134
133
133
133
133
133
132
133
134
133
133
133
133
133
133
133
133
133
133
134
134
135
133
132
133
133
132
133
132
133
133
132
134
132
133
135
133
133
133
132
134
133
159
135
133
133
134
132
133
133
135
132
133
133
133
133
133
135
133
133
133
133
133
135
175
135
133
133
218
175
133
133
196
134
137
133
133
227
133
133
132
133
133
133
132
134
133
257
136
167
137
137
138
136
137
136
136
138
136
136
136
136
143
136
136
136
138
136
136
136
136
136
136
136
137
136
136
136
136
137
136
136
137
136
136
136
138
133
133
133
132
133
133
133
133
133
133
132
132
133
133
132
134
133
132
133
133
133
132
133
132
133
133
133
133
133
132
132
133
135
133
133
133
132
134
133
133
133
133
133
133
133
133
133
133
133
133
133
133
133
133
133
133
133
133
133
133
135
133
133
133
133
133
133
134
133
133
132
133
133
132
133
198
132
133
133
132
132
132
132
133
134
133
133
133
133
133
133
133
133
133
134
133
133
133
133
132
133
133
133
132
133
133
132
133
133
137
133
132
135
133
135
133
175
133
133
133
133
133
133
133
133
132
133
133
133
133
133
133
133
211
133
133
133
134
133
135
133
132
133
133
133
132
132
136
136
136
136
137
137
136
136
136
137
137
137
136
136
136
151
136
136
136
137
136
136
136
136
136
136
138
136
136
136
136
136
136
136
136
137
136
132
134
132
133
177
133
133
133
134
133
133
133
132
133
132
133
133
133
132
133
133
133
133
133
133
132
133
133
132
133
133
133
133
133
134
133
133
134
132
133
133
133
133
133
133
133
133
133
133
133
133
132
133
133
133
137
133
133
133
132
133
133
132
133
133
133
133
137
133
133
133
133
133
133
133
133
133
132
133
133
133
133
133
132
132
135
133
134
133
134
133
134
132
133
133
133
132
133
133
132
135
133
133
133
133
135
133
132
132
132
133
133
133
133
132
133
164
133
133
133
134
133
133
133
133
133
133
133
133
133
132
133
132
133
133
133
133
133
133
133
133
169
133
133
133
132
136
136
136
136
136
136
136
136
138
136
136
137
136
136
136
136
136
136
136
137
136
136
137
136
137
136
136
136
138
136
138
136
137
136
137
136
133
133
133
133
133
133
133
133
133
133
133
133
133
132
133
133
135
133
132
134
133
133
133
133
133
133
132
133
133
133
133
133
132
133
133
133
133
133
133
133
132
133
193
132
133
133
133
133
132
133
134
133
133
133
133
133
133
133
133
133
133
134
133
133
133
133
133
134
132
133
133
135
132
133
133
133
133
133
133
132
133
134
132
132
132
133
133
133
135
133
133
133
132
132
133
135
133
133
133
133
133
133
133
133
133
133
132
133
133
137
136
136
136
136
137
150
137
136
136
136
136
136
136
136
137
137
136
136
137
136
136
136
136
136
136
136
136
136
136
136
136
137
135
136
136
136
136
136
136
136
136
136
136
136
136
136
136
136
136
136
136
136
136
136
137
136
136
136
136
136
137
136
136
137
137
136
137
136
136
137
136
136
133
133
133
132
133
133
132
133
134
133
133
133
133
132
132
133
133
133
133
133
133
133
135
133
133
133
133
133
133
133
133
133
133
132
133
133
133
135
133
133
133
133
135
134
133
132
132
133
133
133
133
133
133
133
133
133
133
133
133
133
134
133
133
132
133
150
133
133
133
133
132
133
133
133
133
133
132
134
133
133
133
133
133
133
202
133
132
133
133
133
133
133
133
133
132
133
133
133
133
133
134
133
134
133
133
133
133
133
133
133
133
133
132
132
132
133
133
134
133
134
133
133
133
132
134
133
133
133
134
133
133
133
133
133
134
133
133
133
132
133
133
133
133
133
133
132
132
133
133
132
133
132
132
133
133
133
133
133
133
133
133
151
133
133
133
134
133
133
133
133
133
135
133
133
132
133
133
133
133
133
133
133
133
133
133
134
133
133
132
134
132
133
133
133
133
133
132
133
133
133
134
132
133
133
133
133
133
133
132
133
132
132
133
134
133
133
133
133
132
133
134
133
132
133
133
133
133
133
133
133
133
133
133
133
133
133
133
133
133
133
133
133
133
134
133
133
132
135
133
133
133
133
133
133
133
134
133
133
134
133
132
133
133
133
179
133
133
133
133
132
