173
174
173
173
173
173
173
175
173
173
174
173
173
174
174
173
173
173
172
175
173
173
173
172
173
173
173
173
173
173
173
174
286
173
217
173
173
173
173
173
173
173
173
173
174
173
220
173
173
172
173
173
173
173
173
173
173
173
174
174
172
173
173
173
173
173
260
173
173
173
173
173
173
173
174
173
173
261
173
175
172
172
173
174
174
174
173
172
173
174
173
173
173
173
174
173
173
172
173
188
173
172
173
172
173
174
173
173
173
172
172
202
173
222
179
174
173
173
174
173
172
173
173
173
173
173
173
172
174
173
173
173
293
174
173
173
173
174
173
187
174
173
173
173
174
173
173
173
174
173
173
173
173
173
173
174
173
173
173
173
173
173
173
173
173
173
173
173
174
173
173
173
173
173
173
173
173
173
173
173
174
175
173
173
173
173
173
218
173
173
174
173
174
175
173
173
173
173
173
173
173
172
173
173
260
173
210
173
173
173
173
173
173
172
173
173
173
173
172
173
174
173
173
173
173
174
174
172
173
173
174
178
178
177
178
177
177
178
178
178
177
179
177
178
177
177
177
177
178
178
177
178
179
177
178
192
177
177
177
179
177
177
177
177
177
173
173
173
173
173
172
173
173
173
173
174
173
172
173
173
173
173
173
173
173
174
173
173
175
174
215
174
175
173
173
173
173
173
173
173
173
174
174
174
174
173
218
172
173
172
173
173
174
173
173
174
173
173
173
173
173
173
172
173
173
175
173
173
174
173
173
173
173
173
173
173
173
173
173
173
173
173
173
172
174
172
173
174
173
173
173
173
173
173
173
291
174
175
173
173
173
173
173
173
174
173
173
173
173
173
174
172
173
173
174
174
173
188
174
173
175
173
173
173
174
173
173
197
174
173
173
173
173
173
174
173
173
173
173
173
173
173
177
177
177
177
178
177
177
178
177
177
177
178
178
177
178
178
177
177
178
177
179
178
177
178
177
177
177
178
177
177
178
178
177
179
177
173
172
174
173
174
173
174
250
173
219
173
173
174
173
172
173
172
173
173
173
173
173
173
173
173
173
173
173
174
174
173
173
172
173
178
177
178
177
178
177
177
178
178
177
177
177
178
177
177
179
177
177
178
177
177
177
177
178
177
177
178
178
177
179
177
178
176
177
175
173
172
172
173
173
173
173
173
173
173
173
173
173
173
173
173
174
174
175
175
173
174
173
173
173
173
173
174
172
173
174
173
174
174
173
173
173
173
173
174
174
173
173
173
173
173
173
173
173
173
172
173
172
173
172
172
173
173
174
173
172
173
173
222
230
173
173
174
178
177
177
179
177
177
177
178
177
178
177
177
177
177
177
177
178
178
177
180
178
178
178
178
178
177
178
178
177
178
177
178
177
177
187
173
173
173
173
172
173
173
173
173
173
173
172
174
173
174
173
173
174
174
173
173
173
173
174
173
173
173
174
174
173
173
173
201
172
176
176
173
173
174
173
173
173
173
173
174
173
173
173
173
174
173
173
173
173
173
173
173
173
174
173
174
173
173
173
173
173
173
173
173
173
175
173
173
173
173
173
173
173
173
174
173
174
173
173
173
174
173
173
173
173
173
173
216
175
173
175
172
173
172
173
173
173
173
173
173
173
173
231
173
228
174
175
172
173
174
173
173
172
174
173
173
172
173
173
173
174
173
173
173
173
173
173
173
173
299
173
173
174
173
173
174
173
173
173
172
173
174
173
173
173
173
173
175
173
172
174
173
173
173
174
173
173
173
172
173
173
173
174
174
173
175
173
173
172
174
173
173
174
173
173
174
173
173
173
287
173
173
173
172
173
173
173
175
214
173
173
173
174
173
173
172
173
173
173
173
173
173
172
173
173
173
173
196
173
173
173
174
173
173
173
173
173
173
175
174
173
173
173
173
173
174
173
172
173
173
173
175
174
173
173
173
174
173
173
173
173
172
174
173
173
173
173
173
173
172
174
173
173
173
173
173
174
174
173
173
173
173
173
174
173
173
173
173
174
175
173
174
173
174
173
173
174
172
173
173
172
173
173
173
173
173
173
173
173
173
173
173
173
173
173
173
173
173
173
173
173
172
173
172
173
173
173
173
172
173
173
173
173
174
173
173
173
173
173
173
173
173
173
173
173
173
172
173
173
173
172
172
173
174
173
173
173
173
173
173
173
173
173
175
173
173
173
173
174
173
174
174
173
173
172
173
172
173
173
175
173
173
173
173
173
173
173
172
173
173
173
174
173
173
173
174
173
173
173
173
173
173
173
173
173
173
