234
236
238
236
236
238
235
235
235
240
235
235
236
235
235
235
235
235
236
235
235
235
235
235
235
235
234
236
235
236
236
235
235
235
235
236
235
235
242
235
236
235
235
235
235
236
237
235
236
235
235
235
236
235
235
235
235
235
238
235
236
288
235
321
236
235
235
235
236
236
236
235
236
235
235
235
236
235
235
236
236
277
235
234
241
241
240
242
242
242
248
241
241
241
241
242
241
241
241
241
241
242
241
241
242
242
241
241
242
241
242
241
241
242
243
235
234
235
234
235
236
239
235
235
235
236
235
275
235
235
236
235
235
237
235
235
235
237
235
235
234
235
236
235
234
237
235
234
236
235
235
236
236
236
235
235
235
235
235
234
235
235
235
235
236
235
359
386
242
248
235
237
237
250
279
235
242
241
241
241
241
242
241
241
241
241
241
241
242
241
241
241
241
243
242
241
241
241
241
243
244
245
243
243
242
242
241
241
241
241
241
242
243
241
242
241
241
241
241
241
242
242
241
241
241
242
242
241
242
242
241
241
243
241
241
241
242
241
234
235
235
235
237
236
237
235
235
235
235
235
236
235
236
235
293
235
237
235
235
378
236
235
235
235
235
236
236
235
236
235
235
235
236
292
236
236
235
235
235
408
236
236
235
235
235
235
235
235
235
288
268
235
237
247
241
247
236
235
235
241
241
242
241
241
242
240
242
241
241
241
241
241
242
241
241
241
241
242
241
241
240
242
241
242
244
241
269
241
242
241
235
235
235
235
235
235
235
235
234
235
235
236
236
236
235
235
235
235
235
236
235
235
235
234
235
234
236
235
235
235
235
235
236
235
235
235
236
371
237
235
235
235
235
235
235
235
235
235
235
235
235
235
236
235
235
235
235
237
236
236
235
235
241
241
241
241
242
241
243
241
268
242
241
243
240
241
241
241
241
240
241
242
241
241
241
241
241
241
242
241
240
241
241
236
236
235
235
235
235
235
235
238
235
236
236
235
235
236
235
236
235
237
236
235
235
236
293
235
237
235
236
307
235
237
235
237
235
235
235
235
276
235
235
235
236
272
353
236
235
340
247
257
235
236
235
235
235
235
235
236
235
235
235
235
236
241
241
241
242
241
241
241
241
240
241
241
242
242
242
243
277
243
242
241
243
241
242
240
242
241
241
312
241
241
241
241
241
241
241
241
241
243
241
241
267
244
244
241
241
241
242
242
243
241
241
240
241
243
241
241
241
240
243
242
241
242
241
241
241
242
243
246
242
241
241
241
241
242
241
241
241
241
241
241
242
241
241
241
241
241
242
242
241
241
244
266
241
241
241
235
235
235
235
236
235
235
235
234
236
236
235
235
234
235
234
235
235
235
235
235
235
235
236
235
236
235
235
236
236
235
234
236
235
235
235
236
235
235
235
234
235
234
235
236
236
235
235
236
236
234
235
235
235
235
235
235
236
235
235
235
235
235
235
235
234
235
235
235
235
234
235
235
234
235
235
236
235
234
236
235
235
235
234
237
236
243
238
235
236
235
273
236
235
235
236
235
235
235
235
235
316
235
235
236
236
240
234
236
235
235
235
236
236
235
235
235
236
235
235
235
237
236
236
235
236
235
235
236
236
235
235
235
236
235
235
235
235
235
235
235
237
235
237
236
235
235
236
235
235
235
237
235
235
235
236
235
236
234
236
235
236
236
237
236
235
235
236
235
236
314
235
235
236
236
235
234
235
235
237
235
235
236
235
235
236
236
235
235
235
253
241
242
241
242
241
242
241
241
241
241
242
241
241
241
242
241
241
242
241
241
241
241
241
241
241
241
241
241
241
241
241
236
235
235
235
235
235
235
235
236
236
235
235
234
236
235
235
235
235
235
235
235
235
235
236
235
237
236
235
235
235
234
235
235
235
235
236
357
236
237
237
235
235
236
258
235
235
236
235
235
235
236
235
235
235
234
235
235
382
235
235
235
235
252
242
241
241
241
242
277
241
254
241
241
243
242
245
241
240
241
242
241
241
242
242
241
241
245
240
241
241
241
241
241
241
235
235
235
236
236
235
236
234
235
236
235
235
235
235
235
235
236
235
235
236
235
235
236
235
236
235
235
235
236
235
235
235
235
235
292
235
235
236
234
235
235
235
235
237
235
235
235
235
236
235
236
304
235
235
235
237
234
235
235
235
236
236
235
235
236
235
236
236
235
235
235
236
235
235
235
235
236
235
236
235
236
235
236
235
235
235
235
235
234
235
234
236
237
340
236
236
235
235
236
236
235
235
235
235
235
