311
309
308
311
311
309
309
309
310
309
308
309
309
309
308
309
308
309
310
309
309
311
309
310
309
309
309
309
309
382
310
309
310
309
309
310
310
309
308
309
309
309
310
309
315
309
309
309
309
309
309
309
310
309
310
308
309
311
485
310
309
309
374
310
309
310
309
309
309
309
309
309
308
309
309
309
308
311
309
309
309
309
309
309
309
309
309
310
308
368
312
309
308
310
309
309
352
325
324
316
309
309
309
309
309
310
309
309
308
310
309
309
309
309
309
309
308
308
310
310
308
310
309
310
309
309
309
308
309
311
346
309
308
317
317
316
317
316
317
318
317
317
318
317
317
317
317
347
319
316
317
316
317
317
316
317
317
318
318
316
316
317
309
309
309
309
309
309
310
310
309
309
309
310
309
308
310
309
309
309
311
309
309
309
309
309
309
309
309
309
362
309
309
309
309
309
310
309
309
309
309
309
309
308
310
309
309
309
308
309
309
309
309
309
309
309
311
309
309
309
309
308
310
309
397
311
309
309
309
310
494
309
308
312
309
309
309
309
310
309
310
310
308
310
506
309
309
311
309
316
317
317
316
316
317
320
316
317
318
317
316
317
322
316
316
317
317
318
317
318
317
317
316
316
316
316
317
317
317
308
309
308
309
309
393
309
309
458
309
309
309
309
310
309
309
309
309
309
309
309
308
309
311
308
309
309
308
309
309
310
309
309
311
309
310
309
308
310
309
309
309
308
310
309
309
309
308
309
309
309
309
309
309
309
309
309
309
315
309
309
310
309
309
309
309
309
310
311
309
309
309
310
309
308
309
309
372
356
310
308
310
309
429
309
308
309
309
309
313
309
309
310
311
309
309
309
309
310
362
308
309
309
309
309
308
309
310
309
311
309
310
309
309
308
310
310
310
308
309
309
310
309
309
309
309
309
310
309
309
309
308
309
308
311
309
309
309
309
309
309
308
311
309
308
309
309
309
309
308
309
310
309
310
308
309
309
309
309
309
310
308
309
309
309
309
309
310
309
309
310
310
309
309
309
310
308
309
309
309
309
309
309
309
308
309
309
308
309
310
309
309
310
309
308
310
309
505
309
309
309
309
390
310
423
309
309
320
309
309
309
351
308
310
309
309
313
309
310
309
310
355
309
309
309
308
309
310
309
309
309
309
309
311
308
308
309
309
310
310
309
310
308
308
309
309
309
309
309
309
310
309
309
308
308
309
309
309
309
309
309
309
311
309
309
310
309
309
309
309
309
309
308
310
309
309
308
309
311
310
308
311
308
309
310
309
311
309
309
309
309
310
309
309
309
309
308
310
311
310
309
309
308
312
310
309
308
309
310
309
309
310
309
308
311
309
310
311
308
309
309
310
309
308
309
309
309
309
309
309
309
349
309
308
308
309
309
309
309
309
309
309
309
309
308
309
309
377
309
308
309
308
311
309
309
309
309
310
309
310
310
309
309
308
310
309
309
311
310
310
309
309
308
310
356
309
352
309
309
309
309
308
309
309
309
308
309
310
309
309
310
308
309
309
308
309
308
309
309
311
309
309
309
309
309
308
309
309
310
309
310
308
315
309
309
309
309
309
309
309
309
308
309
309
309
310
309
309
309
309
309
308
309
308
309
309
310
309
309
309
309
309
310
309
309
308
309
309
309
309
309
309
309
309
309
309
474
310
309
309
309
309
309
310
309
309
310
309
309
309
310
309
309
309
308
309
309
309
308
308
309
309
309
308
309
310
310
309
309
310
309
310
308
309
308
308
309
309
378
311
309
312
309
309
309
309
309
308
308
311
310
308
309
310
309
309
309
310
309
309
309
309
310
309
310
308
309
309
310
310
309
309
309
308
309
308
426
309
309
354
309
309
309
308
308
308
309
309
309
352
309
310
310
309
309
309
309
309
310
309
309
310
309
308
309
309
309
309
309
308
308
309
308
309
309
309
309
309
309
308
309
308
308
309
309
309
309
309
309
309
308
309
309
308
309
309
309
309
309
309
309
309
309
308
309
310
309
309
309
309
308
309
309
308
309
309
310
309
309
309
310
309
309
310
309
308
309
309
309
309
309
309
308
308
309
309
308
309
309
309
309
309
309
310
309
310
309
309
308
309
370
309
309
309
378
312
309
309
309
309
309
309
309
312
309
309
311
309
310
309
309
309
309
308
308
313
309
309
309
308
309
309
309
310
330
309
309
309
309
310
309
309
309
309
309
309
309
309
310
309
309
309
310
309
309
309
308
310
309
309
308
308
309
310
308
309
311
308
310
309
309
