398
402
399
398
485
400
398
400
399
399
399
399
400
399
399
399
399
399
399
399
399
398
399
400
399
398
399
399
399
407
399
398
400
400
399
399
399
399
399
399
401
402
405
398
398
400
399
398
399
399
399
401
398
398
398
399
399
401
401
398
398
398
399
399
399
399
399
399
398
400
399
399
399
400
498
401
400
399
399
398
399
398
400
399
399
491
399
399
399
399
399
399
399
399
398
398
398
398
399
400
399
466
400
400
401
399
398
399
398
400
401
398
402
399
399
399
398
398
398
401
399
399
398
399
399
399
399
398
399
398
398
399
398
401
399
398
398
398
401
400
399
399
399
398
399
399
399
398
400
399
399
399
399
398
399
401
401
398
399
398
399
504
400
400
399
400
399
399
399
398
399
399
400
399
519
399
399
398
398
398
398
399
398
399
465
449
400
449
399
401
398
399
399
400
399
398
400
399
398
399
401
398
399
399
399
398
399
399
398
399
400
399
400
399
493
400
399
400
398
399
399
399
403
401
399
398
399
399
400
399
399
399
399
399
399
399
399
398
401
399
399
436
399
399
400
399
439
399
399
398
399
398
399
398
399
399
398
399
454
399
399
399
400
399
399
400
399
459
447
399
399
399
399
398
399
400
400
398
399
399
399
400
398
398
399
400
400
399
399
398
398
399
399
399
399
400
405
398
399
399
400
399
399
399
402
399
399
406
414
399
399
398
400
400
399
398
399
399
399
399
439
399
401
399
399
399
399
398
400
400
400
400
399
399
398
399
399
398
483
399
398
398
399
399
398
399
401
404
399
399
399
399
399
400
399
399
399
400
400
399
399
399
400
398
401
398
399
400
399
400
399
400
399
399
402
399
400
399
458
399
399
399
401
452
398
400
399
398
399
400
399
401
483
399
399
399
399
398
400
399
399
398
399
399
400
399
401
399
399
400
399
399
400
399
403
398
437
399
399
399
444
399
400
398
399
399
399
398
399
400
399
401
399
399
399
399
399
399
399
399
398
399
399
399
400
400
403
399
399
399
399
398
398
399
399
398
399
398
399
398
398
399
399
399
400
398
398
400
399
399
443
398
399
399
398
399
398
398
399
398
398
398
399
399
399
401
399
399
399
402
399
402
399
400
399
399
398
399
399
399
398
398
399
399
398
398
399
399
400
400
399
398
398
400
398
399
401
399
399
398
399
399
399
400
399
399
400
399
399
399
398
399
399
401
399
399
399
399
424
399
399
398
399
399
400
398
399
399
399
398
399
400
399
399
399
402
399
399
399
399
399
400
399
400
401
399
399
447
400
398
400
399
398
400
399
399
399
399
399
399
398
399
399
400
399
399
399
399
398
399
400
399
398
399
399
400
400
399
399
399
464
399
402
399
399
401
399
399
399
398
400
399
398
399
399
399
398
399
399
400
398
399
399
400
399
398
398
399
398
401
400
399
399
447
399
399
401
398
399
399
399
399
398
401
400
399
399
398
399
399
399
399
398
399
399
398
401
399
399
399
399
399
399
399
399
399
399
401
400
399
399
399
399
400
399
399
399
399
401
398
398
399
399
399
447
399
399
399
399
400
399
399
398
400
400
399
399
400
399
400
399
398
398
398
398
399
398
399
400
398
399
400
399
399
399
401
399
398
399
398
400
400
399
399
399
401
399
481
483
399
399
400
399
398
399
398
398
398
401
399
400
399
400
402
399
399
399
398
398
399
398
398
400
399
400
399
399
401
400
398
399
402
401
399
398
399
398
399
399
399
401
399
399
399
398
398
398
399
399
398
399
398
399
400
399
399
399
398
399
399
399
399
399
399
399
399
400
399
399
400
399
455
399
399
398
399
399
399
398
400
399
399
398
399
399
399
398
401
399
399
398
399
400
470
400
474
400
407
399
398
399
399
399
399
399
399
398
399
399
399
405
400
400
399
399
398
399
398
400
401
399
399
398
399
399
398
399
399
399
401
399
399
399
399
399
398
398
399
399
399
399
398
398
399
398
399
399
442
399
469
399
402
399
402
399
399
399
401
400
399
399
398
399
399
401
398
403
400
399
399
399
400
399
399
399
400
399
399
399
399
399
398
399
400
400
399
398
400
399
398
398
399
401
399
399
400
398
399
398
400
398
398
399
399
399
474
457
489
400
399
399
400
398
399
399
399
401
399
400
398
399
399
399
398
401
399
398
455
399
398
401
399
400
443
586
400
398
399
400
399
399
399
398
399
399
399
399
399
399
399
398
400
400
399
399
398
398
399
398
400
398
398
399
399
399
399
399
402
399
399
