503
1038
572
556
503
503
503
503
503
504
503
504
503
503
504
504
503
503
504
504
502
503
502
502
504
503
502
504
502
502
504
505
503
503
503
502
504
503
503
504
504
505
732
504
503
501
503
504
503
503
502
502
503
504
503
503
503
502
504
506
504
505
574
503
503
503
567
504
502
583
507
503
503
504
504
503
503
504
503
507
502
504
502
503
503
503
503
503
508
546
887
533
502
502
503
503
503
503
504
503
503
504
504
503
503
516
515
517
517
518
516
515
517
515
515
516
515
516
517
549
518
518
517
516
516
516
514
516
520
516
503
505
503
505
504
504
502
503
508
503
504
503
569
507
503
551
504
503
503
504
587
540
502
503
516
515
516
516
516
517
516
516
517
515
517
516
515
516
515
516
516
516
516
516
517
517
515
517
573
575
504
505
505
511
503
503
503
502
503
504
503
502
503
504
503
503
506
504
503
504
504
504
506
504
504
503
503
628
555
503
504
504
503
502
504
504
504
503
617
504
503
506
505
503
503
503
503
519
516
517
517
519
517
517
518
517
543
517
540
515
516
516
518
517
516
515
517
529
518
516
519
516
517
515
515
517
515
517
516
516
515
516
516
516
519
516
516
516
516
517
518
611
518
515
516
514
517
517
533
515
521
516
518
517
515
518
582
514
516
516
517
520
520
517
518
516
515
516
575
515
515
518
516
515
515
516
515
515
712
516
515
516
516
516
515
516
517
548
517
517
517
516
516
517
518
516
516
515
516
560
515
515
515
516
516
516
516
516
517
517
516
516
515
518
518
518
516
515
517
516
516
516
516
517
533
531
516
517
515
515
517
517
515
516
517
515
517
516
522
518
515
516
516
515
517
520
516
516
516
516
515
517
516
521
515
516
515
515
517
516
517
516
515
517
516
516
517
505
504
503
548
502
503
504
503
503
503
635
504
503
505
503
504
503
506
504
504
587
547
503
515
516
517
517
515
516
516
515
516
516
517
517
518
518
515
515
515
515
518
516
516
515
520
516
516
550
503
504
504
504
504
504
506
504
504
503
503
503
502
505
548
504
578
503
503
617
610
504
567
515
516
517
517
515
516
518
515
516
516
522
517
515
603
515
516
520
516
516
516
518
516
516
516
519
519
516
516
526
516
515
516
517
517
521
518
516
516
516
516
520
516
515
515
517
517
515
516
526
502
574
507
503
599
504
505
503
546
503
503
503
503
503
507
652
587
505
504
504
504
503
503
505
502
505
502
538
503
505
504
503
503
502
504
502
504
503
504
503
503
504
503
504
503
570
503
517
516
516
517
515
516
516
516
518
517
516
517
516
515
515
516
519
515
516
516
516
514
516
516
517
503
503
503
503
504
503
502
504
503
504
504
503
504
503
502
502
504
502
503
506
503
503
504
504
504
503
503
504
502
503
503
504
504
607
842
502
504
502
504
506
503
504
503
505
502
508
503
505
502
519
516
515
516
516
514
519
517
515
519
515
515
516
516
515
515
516
515
516
520
515
553
516
515
505
502
503
503
503
504
503
503
502
503
506
503
505
503
503
504
504
503
503
503
503
502
502
502
503
504
502
547
503
504
545
503
505
694
504
503
503
502
504
541
602
503
502
505
577
503
502
503
515
516
517
515
539
516
825
665
574
515
515
515
515
516
515
515
516
516
516
516
520
516
516
517
520
515
516
518
516
516
516
516
517
515
515
524
516
516
515
515
518
530
516
515
517
517
517
515
503
503
502
618
503
504
503
504
507
508
577
504
503
503
504
547
503
503
503
504
505
505
503
588
505
504
503
503
504
505
503
503
504
503
574
504
556
503
504
502
504
503
502
503
503
658
505
502
521
515
516
517
515
516
516
515
516
518
515
519
517
541
516
516
518
515
514
516
519
518
516
515
516
502
503
503
504
503
504
504
503
549
503
503
539
503
553
505
551
504
502
504
503
505
504
503
503
502
505
503
503
504
505
504
503
504
503
503
503
503
503
503
504
502
600
504
508
503
671
602
538
503
517
515
515
516
517
516
522
519
516
515
516
517
517
516
517
515
515
526
516
516
516
573
573
516
502
504
503
503
502
503
503
502
504
504
503
503
503
504
503
502
505
503
502
503
505
504
504
504
504
504
506
504
544
503
505
503
503
581
531
503
503
503
504
504
504
525
527
564
504
507
503
504
503
517
517
515
516
517
517
516
515
514
516
518
516
515
515
515
516
610
516
515
517
518
518
516
516
503
503
503
503
503
505
503
503
503
502
505
503
503
504
505
503
502
503
504
505
504
504
