626
628
631
625
626
627
626
625
628
626
626
627
627
628
625
643
627
626
627
626
626
627
633
627
626
642
645
643
642
642
641
642
641
642
641
643
642
643
641
643
642
644
680
642
647
651
643
643
626
626
627
626
626
625
628
625
627
627
626
626
626
626
713
893
625
628
679
651
626
647
641
642
644
643
642
642
643
642
643
640
642
642
643
642
641
642
642
641
641
643
644
647
629
625
627
627
626
626
628
628
627
627
627
628
626
627
625
628
628
626
627
733
626
626
626
626
626
626
628
633
626
626
666
631
627
627
626
628
627
627
627
626
627
626
628
627
626
642
642
641
642
642
643
643
642
643
643
643
642
641
641
642
643
641
642
640
641
643
643
642
627
627
750
626
627
625
628
627
717
628
626
627
627
627
626
960
626
627
626
627
626
627
626
626
627
627
625
626
626
625
626
626
626
626
627
626
626
626
627
626
627
626
628
626
626
626
626
628
627
627
627
626
627
634
626
626
626
627
675
628
628
627
628
626
627
627
699
628
628
627
626
626
626
627
627
626
626
626
627
626
626
627
627
626
626
627
690
628
627
629
627
625
628
628
627
629
626
626
625
628
629
626
629
629
626
627
628
626
743
625
627
625
628
627
626
627
627
627
625
626
627
626
626
625
627
627
669
630
627
634
626
626
669
760
642
642
671
643
645
643
643
643
642
643
643
641
642
642
648
640
642
642
643
643
642
643
642
625
627
632
672
627
627
626
626
627
627
629
628
627
627
627
625
627
626
626
625
626
626
628
628
627
672
739
672
626
626
652
666
626
628
627
625
626
629
626
629
626
626
627
627
627
627
625
627
627
626
626
626
629
629
628
627
629
626
627
626
624
626
628
690
625
626
626
627
625
633
627
627
691
628
625
829
626
627
627
674
834
713
643
651
625
626
628
627
626
627
628
626
626
626
626
627
628
629
627
626
628
626
626
628
625
627
627
627
626
627
627
627
625
628
626
627
627
625
627
627
631
818
631
625
627
628
708
627
686
625
629
626
627
628
626
627
625
632
627
627
627
680
627
628
627
684
626
627
627
629
627
628
627
636
625
627
628
627
626
626
625
626
626
628
631
628
627
627
627
628
627
626
626
627
629
627
626
625
627
626
626
627
626
627
627
625
626
626
711
629
631
627
627
626
627
628
626
629
626
626
626
627
626
626
626
626
626
673
626
627
641
662
629
626
626
627
627
625
627
627
627
626
627
627
626
626
625
626
627
626
628
628
627
627
627
628
627
629
627
627
626
627
626
626
627
627
627
626
626
627
628
625
626
625
626
626
627
626
627
626
627
625
627
626
626
627
627
626
707
626
628
630
626
626
626
626
628
628
627
625
626
627
627
628
627
625
626
627
626
625
625
625
627
625
627
626
627
625
626
626
626
628
627
628
629
626
628
628
628
626
627
627
626
625
626
626
627
627
628
627
627
627
626
627
629
626
627
627
626
628
625
626
627
627
625
627
625
626
626
627
627
627
627
626
625
627
627
626
626
626
626
626
627
627
627
627
626
627
627
626
628
659
772
756
756
779
804
786
754
756
756
733
736
744
734
713
667
627
626
626
627
626
627
628
625
627
626
625
627
627
628
626
626
627
625
626
626
626
625
626
627
626
625
626
628
627
625
626
628
628
625
627
627
671
626
630
626
626
626
694
670
658
679
640
626
625
625
626
626
626
626
626
626
626
628
625
629
625
626
664
749
627
625
627
627
1030
797
693
643
641
646
642
642
642
642
641
642
642
641
641
642
641
642
642
642
643
642
644
644
642
627
627
628
628
626
625
626
627
625
628
625
627
626
627
726
625
626
631
627
637
627
626
626
626
628
627
628
627
626
633
626
626
627
626
628
626
626
789
626
625
646
629
625
627
628
626
626
626
627
626
627
628
628
626
955
770
628
626
627
830
627
626
627
702
628
727
627
642
642
643
640
641
645
642
646
642
643
641
643
641
643
643
649
641
645
643
642
658
642
648
626
627
627
627
625
626
626
625
627
626
626
627
626
626
633
627
628
628
627
626
627
626
626
626
625
681
627
628
626
626
626
625
626
626
626
627
633
626
626
626
627
627
626
627
628
642
642
642
643
645
642
642
701
643
641
644
641
642
642
642
643
641
642
642
641
642
643
642
625
628
717
626
626
627
626
628
628
628
628
627
627
625
626
628
626
625
626
627
627
630
626
627
626
625
626
626
626
626
627
626
626
626
626
627
627
627
626
626
625
625
627
627
627
627
625
626
626
627
627
626
627
625
626
