800
1027
812
797
889
799
800
799
797
799
798
798
1055
910
846
797
797
804
799
803
898
796
801
798
798
816
798
801
799
799
799
798
797
876
787
868
781
779
779
782
780
778
882
779
779
778
778
781
779
779
779
794
780
779
798
800
835
798
811
811
846
800
798
799
799
800
1076
800
798
802
882
798
798
813
800
797
1011
805
799
799
806
811
798
800
799
801
797
799
800
844
798
798
811
799
798
798
799
882
798
913
813
798
799
803
799
799
801
802
798
805
799
798
799
798
797
799
800
799
798
798
858
799
858
797
812
843
799
798
797
798
800
798
798
798
798
798
802
797
799
798
799
800
798
798
798
798
799
806
798
799
797
798
798
801
798
799
799
825
779
778
779
779
780
782
797
779
1229
784
780
780
838
892
792
780
780
780
781
799
798
799
798
798
799
813
798
862
800
814
802
813
799
799
815
798
800
814
799
797
798
813
849
839
812
799
799
798
811
797
800
807
812
799
799
814
801
802
811
798
799
780
780
779
1165
779
786
780
780
779
779
779
779
779
794
780
779
779
782
782
778
828
798
797
799
814
799
801
799
799
799
805
798
802
801
814
799
801
799
800
812
799
798
798
798
797
797
797
797
799
799
851
801
799
894
892
804
798
802
800
800
799
799
813
798
799
798
799
798
799
807
798
798
798
798
814
798
798
800
802
799
797
798
798
800
798
797
797
799
798
798
799
895
813
1317
997
910
840
863
839
813
799
807
797
799
800
798
799
797
799
814
808
798
798
811
799
798
857
813
797
917
798
806
799
798
798
797
799
799
812
922
811
799
799
798
797
846
798
797
798
800
799
800
803
798
797
806
798
800
815
797
797
797
802
799
799
801
891
800
813
801
799
798
807
800
811
812
799
799
797
801
1310
1056
910
811
799
797
843
799
799
798
798
799
800
799
798
813
798
798
799
797
799
801
798
798
799
798
801
799
798
798
805
802
798
798
797
799
800
797
801
797
799
798
799
798
798
800
809
798
812
798
798
798
797
878
799
807
799
805
812
798
802
798
812
799
799
797
798
797
798
799
799
813
812
799
798
797
814
798
799
838
797
799
797
799
797
802
799
797
801
797
798
814
798
797
798
799
797
798
846
798
801
798
800
798
798
800
798
807
799
799
799
799
798
800
798
798
801
814
811
834
793
888
796
783
780
850
780
792
793
778
779
780
779
778
787
778
780
781
781
779
928
799
799
815
799
798
798
797
799
799
797
799
799
808
799
800
811
806
798
799
798
799
908
813
849
797
800
799
808
801
798
814
802
838
797
799
799
800
800
799
797
799
799
799
840
944
886
798
812
797
801
798
802
847
800
799
798
801
801
813
805
841
798
797
863
799
813
797
811
799
799
798
798
801
799
799
799
807
801
799
798
799
802
797
798
797
798
800
800
798
797
801
811
798
799
799
880
933
798
797
804
798
798
799
801
842
926
798
799
801
816
797
821
806
810
799
837
801
891
803
799
799
797
798
799
812
799
798
812
867
800
799
797
798
798
806
814
799
848
807
818
797
800
798
801
797
798
800
813
797
797
798
814
799
813
847
799
918
839
1470
799
800
798
820
817
819
819
819
818
819
818
829
819
819
819
818
820
818
821
819
818
832
819
818
798
799
798
799
798
798
798
801
867
817
801
797
801
798
798
797
800
814
799
797
799
798
799
798
799
797
798
799
797
800
842
800
799
813
806
800
841
798
799
798
797
812
800
799
797
812
798
797
812
1056
909
798
800
797
804
841
799
800
814
799
806
797
799
799
798
806
801
799
797
813
809
797
797
798
809
800
798
798
799
799
911
865
827
830
799
884
800
799
798
798
799
797
856
799
799
859
814
910
843
837
799
798
797
814
798
800
798
799
1111
799
813
799
798
812
800
798
800
798
798
800
799
798
813
797
797
800
799
801
797
858
798
813
799
801
799
811
799
797
799
812
797
797
802
798
806
798
800
799
800
802
809
799
801
799
797
797
815
799
797
842
798
798
800
810
797
799
797
797
798
799
812
812
799
799
811
802
799
798
798
813
797
799
798
798
797
812
801
800
804
812
799
799
799
797
800
801
799
813
801
797
799
798
799
799
811
779
779
780
789
780
779
780
780
787
779
779
779
779
780
780
778
781
779
779
793
779
798
814
799
812
798
798
860
797
798
846
798
799
802
799
805
808
799
797
799
798
797
799
798
797
798
799
799
799
797
799
798
834
799
813
798
797
811
804
801
797
801
807
792
780
794
780
780
779
1042
779
778
786
781
780
786
826
778
778
791
778
783
