1002
945
967
969
972
966
966
967
969
965
967
970
966
969
970
967
968
969
965
967
966
969
965
1120
966
967
966
969
971
969
969
965
966
972
967
969
966
967
970
967
969
969
966
972
969
967
976
967
965
967
968
965
968
967
965
968
966
970
968
967
1062
968
967
969
966
965
969
965
968
970
970
1011
968
966
969
970
969
966
972
966
971
966
972
977
967
967
965
969
966
965
966
966
1302
966
970
972
968
966
965
965
1069
972
1027
967
965
967
971
965
972
966
966
966
970
966
969
969
967
969
968
966
966
965
1088
971
968
969
969
966
1010
968
966
966
967
966
967
968
969
968
965
966
967
967
972
970
969
966
971
969
967
970
968
971
967
969
964
965
968
966
966
969
970
968
972
1042
969
968
967
967
967
968
970
970
967
970
968
970
970
970
968
967
966
967
968
965
975
967
968
973
967
1053
970
971
968
966
969
975
968
968
964
1024
968
967
972
990
968
967
1014
972
970
967
974
1031
965
968
968
967
972
967
966
998
968
967
968
969
967
969
966
971
968
967
965
965
968
1026
970
967
967
974
971
970
969
970
966
977
966
967
966
970
970
968
970
967
968
966
965
966
966
969
970
966
969
969
965
969
968
971
969
969
966
966
947
943
942
949
943
948
946
947
944
944
946
945
1559
1064
1291
992
947
945
967
975
970
970
969
965
965
968
967
965
1034
967
1027
965
969
970
966
966
969
970
966
969
966
968
969
968
966
969
969
1283
1102
973
970
970
967
969
968
967
969
966
969
966
970
967
1016
967
969
966
969
1050
969
973
969
970
968
973
965
971
967
967
968
967
967
969
968
969
968
965
966
965
1151
970
1057
969
971
966
970
967
968
969
966
967
987
965
969
969
965
966
1193
968
969
969
966
970
969
970
978
966
971
966
965
966
966
974
1018
972
966
969
1033
965
966
965
969
967
969
966
968
969
965
966
967
967
1015
968
968
965
968
970
967
969
966
966
978
966
965
965
966
968
969
967
969
974
968
971
966
965
968
968
968
967
970
966
966
966
1027
965
970
971
965
968
970
967
969
966
968
969
971
966
966
966
973
969
969
965
969
965
972
965
965
971
966
970
967
965
970
970
970
966
969
967
965
966
967
968
968
972
968
1199
968
967
970
966
970
967
970
966
967
1042
968
1005
970
968
965
966
966
969
1060
970
968
965
967
985
970
968
970
971
969
967
966
1064
969
968
966
965
966
968
967
970
1034
969
1262
970
970
969
1228
971
1101
966
967
966
970
967
967
965
969
965
970
966
968
970
967
966
970
967
969
978
970
965
1328
966
967
968
968
970
966
969
966
1010
970
966
966
966
966
966
966
969
967
969
969
966
969
966
1069
994
966
969
967
971
970
967
1006
1339
1094
992
993
997
994
996
993
994
1037
990
996
991
992
996
989
993
990
992
999
968
973
970
967
1028
967
965
969
967
970
971
1193
1281
1103
969
967
973
1010
969
971
966
968
1012
966
970
968
966
966
969
968
968
969
1145
967
969
967
969
991
989
993
995
991
994
992
993
991
994
994
993
993
995
993
1024
991
990
990
969
967
970
1037
1016
970
969
968
966
969
968
967
969
967
969
965
969
967
967
968
968
965
969
974
1021
967
969
969
967
965
980
1197
967
966
972
965
968
994
994
995
991
992
992
990
993
989
991
993
994
989
993
991
992
992
990
990
947
945
945
943
945
943
945
947
944
946
944
1006
947
942
945
943
943
946
948
945
945
946
947
944
1597
1030
1344
1589
1280
1104
1012
1011
945
1333
1212
962
1012
993
994
990
993
991
990
995
992
991
992
991
993
990
994
993
988
991
998
970
967
966
970
968
969
970
967
967
969
967
968
973
966
970
967
968
965
965
966
967
969
965
972
969
967
970
967
971
967
970
969
970
1076
996
1279
1088
967
993
994
991
994
994
990
994
1038
1107
993
991
994
993
993
993
989
991
993
1002
966
969
969
969
969
973
969
969
968
967
980
973
970
968
966
972
969
970
970
967
966
965
968
965
971
970
970
1033
971
969
1078
970
966
966
978
966
966
964
969
968
966
966
966
965
970
967
970
968
968
966
975
969
966
1011
981
969
972
968
968
970
966
968
974
970
1136
1066
1000
970
970
969
969
968
968
1066
965
967
967
1050
1042
966
964
969
969
972
967
968
966
965
966
1046
972
966
982
969
966
967
969
966
969
966
970
969
967
970
970
1004
969
968
968
1084
969
1008
970
967
969
970
968
967
967
1007
1163
970
970
970
966
968
971
970
969
968
1164
1103
989
992
994
994
993
994
994
991
989
993
1017
992
993
993
994
992
992
1005
970
971
966
966
970
965
1055
966
966
965
969
970
967
1052
969
1031
966
