1168
1159
1171
1157
1165
1250
1157
1165
1390
1159
1165
1159
1157
1158
1159
1165
1157
1244
1195
1200
1195
1195
1195
1196
1197
1194
1196
1184
1186
1187
1187
1189
1187
1186
1194
1168
1168
1233
1167
1165
1166
1166
1165
1166
1177
1200
1159
1157
1156
1270
1158
1157
1210
1198
1186
1185
1194
1187
1187
1186
1186
1185
1195
1195
1187
1185
1186
1186
1200
1166
1157
1156
1168
1158
1166
1159
1165
1156
1159
1157
1168
1156
1164
1157
1166
1158
1167
1157
1158
1157
1166
1157
1257
1166
1159
1167
1168
1166
1161
1157
1157
1159
1160
1170
1168
1165
1166
1157
1156
1156
1184
1281
1166
1167
1168
1166
1158
1254
1322
1177
1196
1196
1199
1190
1187
1210
1197
1195
1185
1195
1185
1206
1185
1187
1200
1185
1195
1195
1166
1166
1157
1164
1220
1517
1199
1156
1158
1272
1157
1156
1157
1280
1166
1158
1195
1185
1186
1207
1185
1228
1187
1197
1185
1211
1196
1186
1195
1705
1529
1337
1186
1166
1166
1156
1157
1166
1156
1158
1156
1157
1168
1157
1167
1157
1157
1158
1247
1202
1175
1181
1165
1166
1168
1156
1158
1482
1166
1314
1158
1381
1432
1157
1157
1226
1157
1186
1185
1185
1195
1187
1195
1198
1188
1188
1185
1186
1185
1195
1194
1186
1186
1195
1190
1157
1156
1157
1166
1157
1166
1165
1172
1167
1196
1513
1166
1166
1166
1165
1157
1177
1166
1165
1157
1166
1166
1166
1166
1167
1158
1169
1156
1165
1156
1178
1166
1167
1157
1168
1153
1130
1138
1138
1138
1191
1130
1138
1129
1282
1278
1188
1130
1131
1138
1129
1141
1168
1158
1170
1166
1167
1167
1158
1165
1166
1157
1157
1159
1166
1242
1178
1158
1166
1156
1167
1170
1167
1166
1156
1168
1166
1165
1168
1157
1208
1156
1225
1168
1157
1159
1156
1166
1158
1254
1165
1166
1156
1165
1166
1167
1166
1166
1157
1158
1165
1168
1157
1252
1166
1166
1157
1156
1168
1157
1158
1167
1159
1166
1156
1166
1156
1166
1166
1156
1266
1158
1146
1128
1129
1129
1129
1130
1130
1139
1137
1130
1416
1138
1129
1269
1130
1454
1138
1128
1157
1166
1157
1272
1167
1157
1158
1165
1165
1166
1156
1159
1157
1156
1156
1716
1161
1166
1156
1277
1165
1157
1159
1158
1167
1160
1167
1165
1158
1157
1178
1167
1167
1166
1541
1316
1165
1167
1165
1165
1165
1156
1157
1156
1178
1214
1156
1166
1156
1157
1165
1157
1158
1157
1287
1165
1156
1177
1158
1157
1166
1157
1169
1166
1165
1168
1156
1166
1158
1157
1165
1157
1166
1165
1167
1165
1156
1166
1166
1168
1170
1179
1165
1165
1169
1179
1220
1158
1166
1221
1201
1210
1157
1164
1167
1157
1165
1165
1465
1166
1178
1165
1167
1156
1170
1156
1169
1436
1250
1158
1177
1166
1165
1156
1166
1168
1166
1166
1158
1156
1171
1166
1279
1167
1168
1165
1158
1206
1170
1157
1166
1158
1167
1436
1157
1156
1156
1165
1156
1166
1166
1156
1166
1185
1286
1165
1156
1156
1165
1157
1158
1166
1167
1156
1166
1157
1158
1157
1166
1167
1156
1167
1156
1156
1166
1157
1168
1200
1167
1156
1156
1167
1157
1205
1167
1166
1157
1251
1157
1157
1223
1166
1159
1179
1158
1392
1379
1158
1167
1157
1157
1193
1195
1196
1195
1186
1186
1186
1185
1191
1186
1195
1186
1186
1196
1184
1195
1187
1196
1157
1166
1157
1166
1159
1240
1347
1158
1178
1156
1157
1156
1157
1169
1178
1157
1166
1167
1158
1157
1166
1165
1158
1166
1168
1167
1156
1166
1156
1157
1162
1167
1158
1165
1166
1166
1165
1167
1157
1166
1169
1206
1166
1165
1157
1215
1167
1165
1157
1157
1157
1173
1166
1157
1157
1256
1168
1157
1156
1156
1158
1166
1157
1166
1159
1158
1177
1157
1173
1167
1157
1156
1165
1167
1168
1157
1157
1166
1158
1166
1157
1178
1156
1157
1241
1158
1166
1157
1156
1222
1164
1158
1158
1167
1167
1157
1157
1165
1156
1170
1167
1166
1166
1156
1157
1139
1223
1139
1141
1139
1129
1129
1138
1282
1138
1174
1130
1128
1141
1138
1129
1138
1129
1208
1166
1166
1159
1166
1169
1166
1156
1157
1159
1166
1178
1166
1166
1157
1156
1166
1158
1157
1167
1156
1222
1157
1166
1157
1355
1158
1235
1268
1168
1224
1158
1218
1166
1204
1157
1158
1156
1166
1157
1156
1167
1166
1156
1158
1178
1165
1156
1166
1157
1158
1167
1157
1158
1158
1167
1157
1157
1158
1159
1166
1158
1197
1165
1157
1166
1157
1436
1165
1165
1166
1157
1168
1157
1157
1224
1166
1217
1166
1156
1157
1166
1222
1157
1165
1172
1156
1167
1165
1158
1167
1166
1159
1166
1157
1158
1166
1166
1158
1169
1163
1158
1167
1173
1290
1167
1157
1157
1158
1158
1159
1166
1158
1171
1157
1157
1159
1174
1166
1156
1157
1159
1158
1158
1166
1157
1156
1166
1156
1166
1168
1157
1157
1166
1160
1165
1167
1157
1169
1166
1157
1249
1156
1260
1157
1166
1156
1166
1165
1166
1156
1158
1156
1158
1157
1331
1167
1147
1139
1129
1187
1129
1129
1131
1138
1129
1128
1139
1175
1129
1140
1139
1129
1284
1138
1158
1167
1158
1158
1166
1165
1166
1166
1166
1157
1210
1156
1167
1158
1219
1167
1221
1156
1160
1172
1165
1157
1166
1168
1156
1245
1157
1170
1157
1207
1166
1159
1167
1179
1157
1272
1166
1171
1166
1165
1158
1160
1157
1158
1170
1227
1158
1166
1165
1156
1157
1156
1156
1168
1166
1167
1172
1167
1159
1156
1156
1167
1168
1157
1166
1156
2043
1550
1344
1157
1242
1139
1416
1141
1138
1334
1139
1138
1129
1154
1130
1138
1129
1129
1130
1174
1129
1177
1166
1157
1178
1167
1166
1166
1159
1157
1157
1168
1167
1168
1156
1169
1157
1158
1139
1138
1129
1138
1138
1138
1129
1140
1152
1138
1132
1138
1130
1139
1130
1141
1137
1129
1129
1140
1138
1128
1130
1139
1128
1138
