1311
1311
1361
1351
1312
1312
1359
1288
1310
1327
1409
1290
1289
1385
1311
1290
1315
1311
1290
1310
1311
1290
1310
1310
1289
1289
1321
1343
1342
1343
1344
1390
1320
1320
1345
1320
1342
1321
1319
1321
1343
1319
1342
1342
1322
1321
1321
1320
1344
1342
1321
1320
1365
1321
1320
1336
1321
1320
1322
1343
1323
1335
1319
1342
1343
1321
1342
1343
1343
1357
1346
1651
1364
1323
1343
1321
1343
1320
1342
1343
1347
1382
1344
1323
1342
1320
1320
1321
1321
1341
1346
1320
1321
1343
1347
1320
1344
1321
1347
1343
1342
1419
1346
1343
1321
1342
1321
1323
1343
1319
1319
1319
1321
1410
1388
1326
1344
1344
1343
1366
1346
1349
1342
1344
1343
1319
1321
1319
1322
1320
1320
1320
1321
1366
1343
1321
1343
1343
1320
1321
1289
1289
1290
1289
1320
1289
2252
1667
1402
1389
1414
1290
1324
1464
1530
1394
1322
1322
1343
1320
1348
1333
1348
1343
1449
1346
1324
1344
1322
1320
1320
1343
1343
1343
1320
1319
1343
1342
1343
1347
1344
1372
1502
1344
1343
1321
1342
1320
1343
1322
1342
1344
1343
1344
1323
1321
1320
1343
1320
1321
1345
1321
1322
1343
1321
1320
2224
1620
1342
1363
1322
1323
1343
1342
1321
1323
1320
1320
1311
1288
1289
1291
1313
1311
1310
1310
1291
1310
1312
1310
1290
1437
1312
1491
1344
1321
1323
1343
1323
1342
1320
1342
1324
1343
1320
1343
1343
1321
1344
1342
1321
1320
1321
1345
1320
1320
1345
1343
1321
1343
1327
1343
1321
1342
1320
1321
1399
1290
1375
1288
1429
1311
1289
1311
1290
1313
1289
1291
1312
1310
1289
1312
1290
1311
1289
1311
1311
1289
1289
1290
1310
1312
1289
1351
1311
1312
1356
1391
1328
1321
1340
1321
1320
1322
1320
1321
1388
1320
1324
1361
1320
1343
1411
1342
1342
1339
1323
1367
1394
1335
1321
1323
1343
1380
1365
1343
1385
1321
1321
1320
1374
1321
1346
1343
1451
1342
1369
1936
1596
1343
1320
1322
1362
1322
1344
1343
1343
1371
1357
1376
1376
1375
1353
1352
1353
1356
1353
1355
1376
1377
1376
1353
1377
1348
1311
1376
1290
1311
1289
1311
1310
1343
1310
1388
1311
1288
1311
1289
1311
1290
1342
1321
1446
1321
1342
1322
1646
1345
1344
1321
1410
1321
1405
1839
1337
1383
1376
1378
1383
1354
1377
1354
1358
1353
1353
1368
1355
1376
1355
1392
1356
1377
1353
1377
1407
1354
1385
1359
1353
1377
1380
1376
1357
1375
1353
1354
1365
1343
1404
1435
1323
1343
1562
1321
1323
1324
1321
1321
1343
1320
1320
1322
1355
1354
1354
1354
1354
1381
1354
1357
1376
1363
1354
1353
1354
1355
1383
1376
1342
1320
1319
1343
1343
1343
1321
1365
1344
1344
1452
1321
1443
1413
1436
1321
1397
1343
1582
1345
1321
1321
1646
1344
1320
1387
1343
1341
1334
1645
1407
1353
1376
1376
1376
1376
1379
1354
1353
1376
1355
1354
1355
1368
1354
1377
1384
1344
1343
1321
1343
1320
1320
1342
1322
1343
1320
1323
1342
1321
1348
1343
1343
1322
1343
1320
1343
1320
1556
1903
1345
1343
1343
1320
1325
1321
1358
1321
1387
1353
1353
1352
1353
1377
1377
1355
1353
1381
1370
1354
1376
1383
1428
1362
1321
1343
1404
1320
1322
1322
1344
1321
1343
1345
1514
1339
1343
1424
1365
1321
1344
1321
1342
1342
1342
2215
1320
1321
1351
1495
1321
1408
1357
1841
1327
1355
1353
1379
1354
1356
1354
1353
1356
1358
1354
1354
1375
1395
1382
1356
1380
1343
1340
1392
1342
1394
1320
1412
1321
1367
1323
1368
1344
1343
1324
1324
1322
1385
1322
1457
1320
1434
1499
1513
1324
1320
1359
1342
1343
1321
1446
1321
1381
1353
1359
1377
1354
1380
1355
1356
1358
1376
1353
1377
1376
1353
1354
1371
1381
1343
1434
1320
1321
1341
1394
1320
1389
1322
1386
1321
1363
1342
1443
2564
1572
1479
1321
1319
1343
1475
1364
1348
1342
1320
1746
1338
1327
1484
1362
1341
1358
1354
1378
1353
1376
1357
1356
1355
1376
1355
1377
1377
1353
1382
1355
1365
1470
1384
1320
1323
1391
1343
1343
1322
1323
1343
1342
1344
1321
1322
1323
1322
1397
1343
1343
1343
1320
1344
1363
1348
1321
1635
1320
1321
1325
1571
1321
1376
1376
1355
1354
1355
1354
1355
1379
1354
1377
1354
1353
1354
1355
1377
1378
1323
1344
1345
1321
1321
1323
1346
1321
1344
1320
1321
1344
1320
1342
1344
1344
1343
1320
1321
1320
1342
1343
1322
1321
1320
1321
1391
1321
1319
1320
1321
1325
1342
1321
1362
1344
1326
1320
1456
1367
1321
1322
1321
1348
1321
1321
1364
1321
1380
1353
1376
1376
1353
1354
1357
1353
1356
1375
1375
1354
1354
1355
1376
1353
1383
1320
1386
1336
1406
1321
1323
1325
1363
1619
1321
1321
1321
1342
1323
1343
1367
1342
1590
1343
1320
1320
1362
1322
1345
1321
1418
1343
1343
1342
1390
1345
1378
1376
1355
1377
1376
1356
1354
1353
1358
1353
1376
1376
1354
1377
1357
1354
1328
1288
1464
1310
1291
1328
1313
1310
1289
1290
1290
1290
1290
1312
1290
1700
1311
1344
1557
1343
1320
1320
1322
1587
1453
1320
1324
1344
1402
1454
1321
1347
1354
1377
1353
1353
1376
1376
1354
1354
1371
1378
1353
2512
1355
1377
1376
1354
1389
1344
1321
1342
1375
1325
1321
1323
1343
1343
1342
1343
1320
1580
1321
1375
1353
1354
1376
1353
1354
1353
1377
1377
1377
1358
1377
1382
1384
1376
1377
1321
1321
1334
1321
1343
1320
1322
1320
1342
1320
1361
1321
1342
1347
1320
1344
1343
1288
1290
1311
1288
1288
1313
1311
1311
1311
1310
1310
1853
1393
1310
1312
1314
1320
1388
1320
1342
1321
1360
1323
1472
1321
1322
1394
1322
1320
1342
1344
1342
1320
1320
1369
1320
1345
1343
1321
1321
1335
1347
1345
1343
1321
1320
1392
1320
1311
1289
1400
