1567
1585
1567
1702
1608
1687
2204
1587
1565
1748
1564
1564
1627
1630
1604
1601
1626
1650
1605
1648
1626
1698
1606
1686
1609
1727
1602
1626
1626
1630
1627
1626
1602
1957
1694
1603
1626
1626
1703
1621
1660
1627
1716
1603
1627
1680
1625
1604
1604
1646
1604
1626
1602
1655
1665
1796
1626
1605
1602
1670
1605
1629
1603
1604
1607
1651
1603
1603
1603
1602
1603
1603
1604
1604
1626
1627
1604
1602
1604
1630
1602
1653
1625
1604
1627
1652
1566
1878
1800
1591
1588
1637
1567
1587
1565
1588
1586
2243
1654
1603
1627
1644
1675
1606
1602
1626
1627
1678
1606
1627
1626
1603
1627
1604
1625
1606
1680
1629
1638
1604
1637
1628
1626
1626
1606
1658
1627
1653
1629
1625
1647
1626
1603
1643
1603
1667
2994
1853
1625
1602
1674
1602
1651
1604
1564
1589
1564
1770
1564
1587
1595
2830
2636
1853
1642
1564
1604
1604
1603
1605
1604
1603
1604
1603
1625
1607
1602
1601
1618
1684
1626
1628
1759
1625
1605
1699
1604
1626
1627
1628
1609
1627
1604
1627
1627
1651
1602
1700
1626
1658
1607
1710
1604
1630
1670
1626
1602
1603
1607
1603
1625
1626
1603
1604
1605
1628
1605
1681
1626
1728
1627
1602
1628
1626
1602
1587
1632
1564
1564
1725
1564
1847
1778
1588
1653
1564
1564
1586
1567
1634
1628
1626
1625
1626
1650
1627
1605
1605
1602
1653
1626
1770
1605
1627
1626
1626
1713
1649
1603
1607
1833
1605
1629
1693
1606
1627
1603
1625
1603
1668
1672
1665
1667
1676
1653
1669
1644
1667
1644
1651
1642
1666
1670
1602
1604
1603
1625
1627
1627
1604
1626
1679
1627
1628
1668
1646
1603
1616
1607
1603
1627
1606
1627
1680
1625
1671
1627
1602
1625
1784
1791
2230
1664
1626
1721
1645
1666
1668
1642
1666
1644
1645
1644
1643
1643
1669
1638
1605
1603
1626
1605
1625
1604
1603
1664
1626
1627
1602
1604
1603
1666
1668
1603
1603
1633
1602
1625
1628
1606
1627
1642
1625
1627
1627
1625
1626
1605
1628
1605
1626
1602
1625
1626
1625
1627
1629
1603
1744
1664
1603
1625
1605
1626
1625
1607
1608
1602
1603
1606
1604
1605
1602
1625
1603
1626
1621
1602
1753
1626
1627
1606
1603
1603
1628
1617
1626
1606
1677
1626
1629
1628
1604
1605
1629
1782
1606
1629
1602
1603
1602
1630
1608
1603
1628
1603
1601
1605
1627
1604
1603
1601
1626
1632
1626
1628
1627
1626
1602
1626
1698
1587
1587
1664
1564
1594
1566
1589
1708
1565
1725
1587
1587
1587
1567
1625
1654
1625
1626
1688
1627
1603
1603
1602
1606
1632
1603
1627
1626
1628
1626
1628
1626
1619
1602
1602
1605
1607
1604
1603
1715
1604
1678
1604
1627
1626
1618
1625
1626
1603
1648
1605
1604
1624
1626
2304
1826
1626
1627
1605
1602
1626
1603
1629
1629
1626
1607
1645
1628
1603
1604
1650
1624
1604
1626
1602
1628
1604
1681
1604
1603
1668
1626
1655
1625
1605
1605
1723
1605
1628
1626
1604
1626
1651
1625
1714
1605
1625
1627
1602
1602
1606
1626
1663
1566
1649
1565
1678
1670
1587
1566
1627
1720
1590
1566
1564
1608
2156
1581
1626
1949
1603
1669
1716
1628
1602
1606
1604
1625
1606
1603
1673
1625
1626
1602
1629
1626
1627
1626
1627
1605
1625
1702
1738
1605
1620
1602
1627
1626
1604
1629
1626
1600
1604
1620
1603
1628
1627
1716
1604
1624
1628
1626
1603
1720
1626
1628
1604
1625
1604
1684
1603
1626
2077
1632
1689
1607
1646
1645
1673
1666
1663
1694
1653
1666
1670
1648
1643
2198
1661
1646
1678
1670
1643
1645
1646
1677
1667
1666
1644
1643
1644
1642
1665
1644
1651
1603
1606
1605
1675
1625
1650
1627
1626
1779
1606
1625
1861
1625
1625
1604
1603
1605
1629
1660
1625
1826
1603
1727
1603
1670
1897
2102
1646
1643
1643
1684
1646
1715
1646
1656
1643
1667
1641
1644
1644
1666
1668
1714
1627
1601
1625
1628
1713
1605
1601
1625
1605
1606
1626
1616
1625
1625
1702
1626
1605
1606
1604
1625
1605
1603
1603
1604
1622
1626
1606
1604
1626
1666
1604
1625
1614
1625
1604
1626
1626
1626
1608
1603
1608
1608
1603
1627
1688
1605
1628
1605
1627
1602
1603
1604
1606
1626
1628
1616
1603
1629
1604
1728
1665
1626
1603
1674
1625
1603
1606
1603
1602
1649
1605
1628
1627
1602
1603
1712
1605
1631
1626
1603
1677
1784
1690
1610
2180
1855
1628
1643
1645
1670
1653
1705
1647
1669
1645
1652
1644
1666
1647
1645
1644
1627
1605
1604
1626
1709
1602
1610
1629
1626
1605
1605
1626
1626
1630
1605
1606
1631
1792
1627
1605
1722
1604
1602
1671
1680
1604
1602
1756
1676
1605
1606
1606
1687
1822
1670
1782
1625
1758
1627
1608
1628
1604
1626
1644
1666
1668
1667
1645
1645
1649
1667
1666
1642
1645
1650
1650
1666
1639
1606
1602
1625
1625
1608
1647
1604
1626
1600
1604
1603
1605
1604
1605
1605
1623
1626
1602
1662
1626
2721
1649
1748
1648
1755
1909
1628
1604
1643
1666
1645
1643
1645
1648
1667
1666
1668
1666
1668
1666
1644
1645
1627
1630
1602
1607
1602
1722
1629
1605
1626
1626
1603
1602
1625
1625
1603
1621
1603
1607
1625
1605
1627
1707
1626
1652
1679
1671
1606
1627
1630
1872
1956
1997
2217
1940
2325
2122
1960
1905
1912
1742
1625
1625
1605
1627
1603
1627
1604
1625
1604
1604
1604
1625
1604
1627
1693
1604
1627
1626
1609
1629
1644
1628
1692
1627
1603
1604
1628
1638
1590
1928
1654
1587
1566
1566
1588
1565
1634
1565
1567
1934
1982
1626
1603
1668
1625
1628
1626
1606
1606
1606
1626
1626
1603
1604
1703
1673
1674
1602
1629
1627
1700
1604
1603
1603
1677
1627
1604
1626
1626
1605
1882
1605
1605
1604
1624
1625
1694
1605
1604
1631
1604
1604
1626
1669
1609
1605
1651
1630
1602
1604
1714
