427
425
428
449
429
426
450
425
424
426
426
449
449
450
449
450
449
450
449
426
425
450
449
450
426
485
425
450
425
451
426
450
425
449
442
439
415
441
415
415
439
440
415
439
415
440
441
417
441
415
480
439
416
439
440
416
439
416
415
438
414
427
639
515
419
417
415
415
426
449
450
449
484
450
453
450
425
425
426
426
451
425
426
425
426
425
426
449
425
448
450
426
451
449
426
450
450
425
426
426
451
450
450
452
427
449
450
425
426
454
449
425
476
425
449
449
424
426
425
449
425
427
425
449
426
450
425
450
425
449
424
449
425
424
450
450
415
415
415
439
414
416
415
416
415
438
438
415
416
417
441
414
415
451
450
426
449
424
425
451
426
424
450
426
426
451
426
430
436
426
426
450
511
426
425
449
425
425
450
449
426
449
424
449
424
451
451
440
439
415
417
439
439
416
415
440
440
441
439
416
441
416
416
415
449
425
425
636
514
488
448
425
510
452
426
452
426
424
449
425
461
460
461
435
460
435
436
436
460
460
436
471
461
436
435
437
435
449
425
450
425
450
425
449
495
450
449
643
427
432
425
674
427
426
425
425
424
427
429
451
503
466
425
449
451
430
449
425
613
449
461
436
436
435
461
435
461
478
437
461
437
436
460
435
454
438
450
451
425
427
450
426
425
427
449
425
452
450
425
426
425
449
425
450
449
450
424
426
426
657
515
426
450
474
450
450
451
425
427
450
460
464
436
436
435
465
436
436
460
462
437
437
438
489
434
436
463
450
425
451
425
450
535
426
427
451
427
495
426
450
449
426
427
425
499
426
426
426
426
427
452
450
426
449
425
456
449
451
564
427
438
460
467
435
435
435
438
437
462
461
436
436
461
461
437
459
460
539
425
449
426
425
424
450
424
449
425
426
427
425
425
450
426
452
451
427
452
426
424
638
425
424
425
425
449
449
449
425
697
595
514
461
462
460
435
436
461
461
436
461
439
436
437
437
460
460
450
489
425
449
425
425
448
426
451
449
449
450
424
450
426
601
426
424
450
426
427
426
477
425
450
424
450
425
452
425
977
440
461
461
435
435
461
436
436
436
461
436
435
436
463
437
436
436
513
449
449
425
424
427
700
548
450
449
509
462
450
426
433
425
425
449
453
425
425
425
436
471
451
452
426
425
450
425
425
427
451
449
449
425
449
449
451
450
424
450
450
425
450
450
424
426
428
451
439
415
415
415
547
440
415
440
439
438
440
439
439
439
488
520
415
435
435
435
438
460
480
461
460
460
465
464
439
461
436
436
436
444
451
427
427
425
425
534
431
427
425
583
450
425
425
513
486
486
447
461
460
459
436
461
462
463
461
437
438
441
438
439
439
436
463
436
438
435
436
440
507
464
462
460
435
461
463
437
461
436
436
461
461
435
461
462
463
437
461
460
449
464
462
435
461
436
436
426
451
450
424
426
425
426
649
451
449
591
546
451
450
425
659
447
464
462
461
460
466
461
436
462
461
461
435
461
464
437
436
461
451
430
450
451
426
462
427
427
450
425
424
425
449
427
427
437
462
460
472
436
435
461
437
595
483
461
463
435
463
437
462
449
426
424
425
425
425
430
450
452
450
532
451
425
513
450
450
449
425
450
451
425
450
426
450
425
450
425
539
449
426
425
450
430
449
426
451
425
426
424
427
427
449
449
426
449
448
426
449
426
430
451
425
425
425
449
452
424
450
449
450
424
450
424
449
425
450
427
426
428
451
458
450
424
623
427
425
449
426
449
450
449
532
425
424
435
460
436
438
460
437
462
461
464
462
449
436
461
435
461
460
462
414
441
415
415
439
439
440
439
415
439
415
440
416
414
416
439
439
415
425
450
426
425
425
449
449
426
450
427
450
448
427
450
470
429
437
436
437
435
435
460
436
461
436
435
461
438
436
460
436
463
435
450
503
450
426
427
450
425
449
449
425
449
425
594
513
427
451
424
448
451
450
495
450
450
601
428
425
449
426
449
449
450
451
424
450
426
425
514
427
450
426
450
449
425
426
548
425
427
450
425
425
449
451
426
450
450
426
427
450
425
449
449
424
569
450
504
564
450
450
450
425
426
450
555
449
448
450
425
429
450
449
425
449
427
450
415
439
439
439
441
415
416
439
439
439
438
439
415
439
416
440
415
450
425
426
424
450
450
426
425
451
425
425
450
449
450
425
450
428
449
425
490
450
425
450
427
429
450
545
450
425
724
427
425
513
511
424
425
425
427
424
426
449
427
425
450
428
425
450
425
427
527
