44
43
109
43
44
44
44
44
44
113
44
44
44
44
44
44
44
44
44
43
44
44
45
44
45
45
44
44
44
44
44
44
44
43
44
44
44
44
45
44
44
46
44
45
45
46
46
45
45
50
45
46
46
46
46
46
46
45
46
45
44
45
46
45
45
45
44
44
45
45
44
45
46
44
45
45
45
45
45
45
46
45
45
45
45
45
45
45
45
45
46
45
45
46
45
44
46
45
45
45
44
45
46
44
46
45
45
45
45
45
45
45
45
46
45
46
45
45
46
45
46
45
44
46
45
45
45
44
46
46
44
46
45
45
45
44
44
46
45
45
46
45
46
45
45
44
45
45
45
44
45
45
46
46
45
45
45
47
45
45
45
45
45
47
45
45
44
45
45
45
45
45
45
45
45
45
44
45
46
45
45
45
45
45
44
45
45
45
46
45
45
46
45
44
45
45
47
45
45
45
45
45
44
45
46
45
46
46
45
45
45
45
45
44
45
44
45
45
45
45
45
45
45
45
45
45
45
45
46
45
45
45
44
44
44
44
44
44
44
44
44
44
44
44
43
44
44
44
43
44
44
44
44
44
44
44
44
45
44
44
44
44
44
43
45
46
45
46
44
45
45
45
45
44
46
46
44
45
45
45
45
57
45
46
45
45
45
45
45
45
45
45
45
45
47
45
45
46
47
45
45
46
44
45
45
44
45
45
47
45
45
45
45
45
44
45
45
45
46
46
46
45
45
44
45
45
45
45
45
45
46
53
45
45
45
46
45
46
45
46
45
45
45
45
44
45
45
47
45
45
45
45
45
44
45
45
46
45
45
44
44
45
45
45
45
44
46
45
45
45
45
45
45
44
45
45
46
45
47
45
45
44
44
44
44
44
44
44
44
44
44
44
45
44
72
44
72
44
43
44
44
44
44
44
43
44
44
44
44
44
44
44
44
44
87
44
44
44
44
44
44
44
44
44
44
43
90
64
79
45
45
44
45
45
45
44
44
43
44
44
44
44
44
44
44
45
44
44
43
44
45
46
44
43
44
45
45
45
45
47
45
45
45
45
45
45
45
46
45
45
45
45
45
45
46
46
45
45
44
45
44
45
51
50
45
45
45
46
46
45
45
46
43
43
43
43
44
43
46
45
46
44
45
44
44
44
44
44
45
44
44
43
43
45
44
44
44
44
44
43
44
44
43
44
44
45
44
44
43
52
44
46
45
45
45
46
45
44
47
45
45
45
45
45
45
45
45
45
45
44
45
45
45
46
45
44
45
45
46
46
45
46
46
45
45
45
45
43
44
44
43
44
43
44
44
44
44
45
44
44
44
44
44
43
44
44
45
44
43
44
44
44
44
44
43
44
44
44
44
103
44
45
45
44
46
45
46
45
45
44
46
46
46
46
46
45
46
45
44
45
45
45
45
45
45
45
45
47
45
45
45
45
45
45
45
44
45
45
45
45
45
45
44
44
43
45
44
44
44
44
44
44
44
44
43
44
44
44
44
43
44
44
44
44
44
44
44
44
44
44
44
44
43
44
44
44
45
45
44
44
44
44
43
44
44
45
43
44
44
44
44
44
46
45
60
45
44
44
44
43
44
44
44
43
44
44
44
44
44
44
44
44
44
44
44
44
45
45
45
45
45
45
45
46
44
45
45
49
45
91
45
46
45
45
45
46
45
45
45
45
45
44
46
45
45
44
44
45
46
45
45
45
45
45
44
44
44
44
45
44
44
44
43
45
44
44
43
44
44
44
44
43
43
44
44
46
44
43
44
44
44
44
43
46
44
44
44
44
45
44
44
43
44
44
44
45
43
44
44
44
44
44
44
44
104
45
44
43
44
44
44
44
44
44
45
44
43
45
44
43
44
44
43
44
44
44
44
44
44
44
44
45
44
43
45
45
44
44
45
44
44
45
44
43
44
44
44
44
44
44
43
44
44
44
45
44
44
44
44
44
44
44
44
44
45
44
44
44
44
43
46
43
44
44
44
44
44
43
44
44
71
43
44
44
44
44
44
44
44
43
44
45
44
43
44
44
44
44
45
80
87
47
44
44
45
46
45
45
45
45
46
45
45
45
45
45
47
45
45
45
45
47
45
45
44
46
45
45
45
45
45
46
45
46
45
45
45
45
44
45
45
46
44
44
44
44
44
47
43
44
44
44
44
44
44
45
46
44
44
45
44
45
43
45
44
44
44
44
44
44
43
44
44
44
44
44
43
44
44
44
44
44
44
44
44
44
44
44
44
44
43
44
44
44
44
44
45
50
43
44
