57
65
65
56
56
57
56
57
58
57
57
57
57
56
56
56
56
56
57
57
56
56
57
57
57
57
57
56
56
56
57
56
57
57
57
57
57
57
57
56
56
56
57
57
58
57
57
57
59
56
57
57
56
56
57
56
57
57
56
57
56
56
56
57
56
56
56
56
56
56
57
57
57
57
56
58
57
57
57
56
56
56
56
56
56
56
58
56
57
56
57
57
56
57
108
57
74
56
58
57
57
57
57
57
57
57
57
57
57
56
56
56
57
57
57
56
57
57
57
56
57
56
56
57
57
57
56
57
56
57
56
57
56
57
56
57
57
56
57
57
58
56
57
57
57
56
57
56
57
56
57
57
56
57
57
57
57
57
56
57
56
56
57
57
56
56
56
57
56
58
57
57
56
57
56
58
57
57
57
57
56
56
57
57
57
56
57
56
56
57
56
57
57
57
57
57
57
57
57
58
57
57
57
56
57
56
56
57
56
57
56
56
56
56
56
57
57
57
56
56
56
56
63
56
56
56
56
57
57
56
57
56
56
56
56
65
60
59
56
58
56
56
56
57
56
57
56
56
56
57
57
56
57
56
56
56
56
57
57
57
57
60
57
56
95
57
56
57
56
59
56
56
56
56
57
57
57
57
56
57
58
56
57
57
59
57
58
58
57
57
58
58
58
58
58
58
57
58
57
57
58
58
58
57
58
58
58
58
58
58
58
58
58
58
59
58
58
58
58
59
59
58
58
57
57
57
56
56
57
57
57
56
57
56
56
56
57
56
57
57
56
56
57
57
58
57
56
57
57
56
57
57
57
56
57
57
57
57
56
57
57
57
56
56
56
56
57
56
56
57
57
56
58
57
57
56
57
57
56
56
57
56
56
57
56
57
57
57
57
57
56
57
56
56
56
56
57
56
56
56
57
63
57
56
57
71
57
57
56
58
56
57
56
57
56
71
57
56
72
58
57
56
57
58
59
59
58
61
58
58
58
58
59
58
58
58
58
58
58
58
59
58
57
58
57
59
60
59
58
58
58
58
58
57
58
58
58
58
58
59
58
59
58
57
58
57
59
58
58
58
57
81
58
58
59
59
58
58
59
59
58
58
58
58
58
58
57
58
58
59
58
58
58
58
58
57
60
60
87
58
58
58
58
58
58
58
58
58
58
58
57
58
58
58
58
58
58
58
58
58
57
59
58
56
57
56
57
100
56
57
56
57
56
57
56
58
57
57
57
57
57
56
56
56
56
57
56
57
56
57
57
56
57
58
57
57
58
58
57
58
58
59
57
57
58
58
59
60
60
57
58
58
58
58
60
58
58
58
58
59
58
59
59
58
58
58
58
59
58
58
58
59
58
58
58
60
58
57
58
58
60
58
59
58
58
58
58
58
58
58
58
57
58
59
58
58
58
57
59
58
59
62
58
57
58
58
58
58
58
58
58
60
58
58
58
58
59
59
58
59
59
60
58
58
58
57
58
58
58
58
58
57
58
58
58
58
58
58
58
58
59
58
58
58
58
58
58
59
58
58
58
58
58
58
58
58
58
58
58
58
58
58
59
58
58
59
58
58
57
58
58
57
56
56
56
56
57
56
56
56
57
57
57
57
58
56
57
57
56
56
57
57
56
58
56
56
56
57
67
57
57
58
56
56
56
57
56
56
56
95
57
57
57
56
56
56
57
56
56
56
57
56
57
56
57
56
56
57
56
56
56
56
56
57
57
56
56
58
58
58
58
58
58
58
58
57
58
58
58
58
58
58
58
57
59
58
58
58
58
60
58
58
58
58
58
58
59
60
58
57
57
57
57
57
57
57
57
57
57
57
56
57
57
58
106
76
58
56
56
56
56
57
57
56
57
56
56
57
57
56
56
56
56
56
58
58
58
58
58
58
58
58
58
58
59
57
57
58
58
58
58
58
58
58
58
58
60
58
59
58
58
58
58
59
58
58
57
58
57
57
57
57
57
56
57
57
56
57
56
56
57
57
57
56
57
59
57
56
57
57
57
57
56
57
57
56
56
56
57
56
56
57
56
56
56
57
56
56
58
57
56
57
57
57
57
94
57
58
56
56
56
56
57
56
56
57
56
56
56
56
56
57
57
57
58
58
58
58
58
58
59
58
58
58
58
58
58
58
58
58
57
58
58
57
60
58
58
58
58
58
59
59
58
58
58
58
58
58
56
57
56
57
56
57
56
57
56
56
57
56
57
56
56
56
57
56
56
56
57
56
56
57
56
56
60
57
90
57
59
57
57
56
57
57
57
57
56
56
56
57
