93
94
93
93
94
94
92
93
93
93
93
92
93
93
94
94
94
93
99
93
93
94
95
93
96
93
93
93
92
94
94
93
93
93
94
93
94
92
92
93
93
93
92
93
94
93
92
93
92
93
92
93
93
93
93
95
157
93
92
92
93
94
93
93
93
93
93
92
92
107
119
93
94
93
93
93
93
93
92
93
94
93
94
93
93
95
94
92
93
93
93
92
93
93
92
93
92
94
93
93
93
94
93
94
93
93
92
94
93
93
93
95
96
94
93
93
93
147
94
93
94
93
93
93
94
93
93
94
92
93
92
93
93
92
94
93
93
92
94
93
94
93
95
93
93
94
93
93
94
93
93
93
95
93
94
93
93
93
93
93
93
93
92
92
94
93
93
93
93
92
93
93
93
94
96
93
93
93
156
93
94
93
93
117
97
93
93
93
93
93
93
93
93
94
94
95
94
93
92
95
94
94
93
93
93
94
93
93
93
93
93
94
93
93
93
93
93
92
93
92
94
92
93
93
93
93
93
93
93
93
93
93
92
95
94
93
93
93
92
93
93
93
93
93
93
93
94
93
94
93
94
93
93
93
92
94
93
93
93
93
93
92
94
93
92
93
93
94
93
93
93
93
93
93
93
93
93
93
93
92
93
93
92
93
93
93
93
93
92
94
93
93
93
93
93
93
93
93
93
92
93
93
94
92
94
94
93
93
93
94
93
96
118
111
111
115
115
119
119
119
119
114
112
124
108
109
109
153
106
106
100
93
95
93
93
93
92
97
123
113
113
114
113
109
108
106
106
106
107
96
93
93
92
93
94
93
93
93
93
93
93
94
93
92
93
94
93
95
93
94
93
94
94
93
93
94
96
93
93
93
94
94
93
93
92
93
93
92
93
93
93
93
93
93
93
93
93
93
93
93
93
93
93
92
93
92
94
94
93
93
95
94
93
93
93
93
93
93
94
93
93
93
93
94
93
93
93
93
93
94
94
96
95
95
95
96
96
95
95
95
95
95
95
95
95
97
95
96
95
95
95
96
95
95
96
96
96
95
95
96
93
93
94
94
93
93
93
94
93
93
93
93
93
92
93
93
93
105
106
93
93
93
93
93
93
93
93
93
93
93
94
93
93
93
196
97
93
92
93
93
93
93
92
93
93
93
92
109
93
96
93
93
93
92
154
92
93
92
96
95
96
95
95
95
95
96
97
95
97
96
96
95
95
95
96
95
95
95
96
96
96
95
96
95
96
96
95
95
92
94
93
94
94
93
93
94
92
93
93
93
94
93
94
93
94
92
93
94
93
93
93
93
174
93
93
99
97
96
97
96
96
95
95
97
96
95
95
96
94
95
96
96
95
97
99
95
95
96
96
94
96
97
97
95
93
92
93
93
96
93
94
93
93
93
93
94
93
99
95
93
93
94
93
93
95
92
93
93
93
93
93
92
93
95
97
96
95
97
96
96
95
95
96
95
122
95
95
96
95
96
96
96
95
96
94
95
95
96
96
95
95
95
93
93
92
93
93
93
93
92
93
94
94
96
144
93
93
93
94
98
93
93
94
93
93
117
94
94
133
93
95
96
95
95
96
96
95
95
95
95
95
97
96
95
97
96
97
95
95
95
95
95
95
96
95
95
101
95
95
92
93
92
93
95
93
95
92
93
93
93
94
93
93
93
93
92
94
93
93
94
93
94
93
94
94
93
93
93
93
107
92
92
93
95
93
92
93
93
121
92
95
93
93
94
93
94
116
103
103
107
109
108
110
109
109
110
106
103
103
101
95
96
96
95
95
95
95
96
95
97
95
97
96
95
96
96
95
95
96
94
95
92
93
93
93
92
93
93
94
93
94
94
93
93
93
94
92
92
93
93
93
94
93
94
92
93
97
96
93
106
101
106
106
103
107
93
93
105
106
120
96
95
93
94
93
93
93
93
93
93
93
95
92
93
93
195
123
93
93
93
93
93
92
94
94
92
92
92
93
93
93
93
93
93
93
97
142
94
93
93
93
94
93
94
93
93
100
93
93
93
93
93
93
92
93
94
93
94
93
93
92
93
94
93
93
93
94
92
94
93
93
92
94
93
93
93
93
93
93
92
94
93
93
93
96
95
101
106
106
104
106
109
105
110
109
108
109
110
109
106
109
110
106
103
93
93
93
93
94
93
93
93
93
93
93
98
94
94
93
104
107
116
94
93
93
96
108
103
103
99
94
94
93
93
138
93
135
93
93
93
93
92
93
93
93
94
95
93
93
96
94
93
94
93
93
95
97
96
95
95
