118
119
119
119
119
119
120
119
119
119
118
119
118
119
118
131
132
153
132
133
129
127
115
115
117
116
117
116
116
117
115
116
116
115
116
116
116
116
125
153
136
135
135
136
136
133
125
115
116
115
115
116
118
115
116
116
115
116
116
115
115
115
115
116
116
115
115
116
117
115
115
116
116
117
115
116
116
117
115
118
116
116
116
116
117
119
115
115
115
115
117
116
116
116
115
115
115
116
119
115
117
116
115
116
115
115
117
115
115
131
133
127
125
133
131
132
153
131
131
133
132
137
136
132
126
116
116
115
116
116
116
116
116
116
116
116
116
115
115
160
115
116
116
116
115
118
152
117
116
119
117
119
120
118
118
119
117
120
118
119
118
118
118
119
117
119
118
119
118
118
119
220
118
119
117
119
119
119
118
118
118
119
118
118
138
118
118
119
119
119
119
119
118
118
119
119
119
118
120
119
119
120
118
117
115
116
116
116
116
116
115
115
115
115
117
116
115
117
116
115
118
115
116
116
115
117
115
115
116
115
119
140
119
119
119
119
120
119
119
132
131
135
131
131
121
118
135
132
133
160
135
128
137
119
118
118
118
118
119
119
118
119
119
118
119
120
119
120
118
118
119
118
119
118
119
119
243
120
116
116
116
118
116
162
117
116
115
116
116
116
116
116
117
116
115
115
116
116
116
115
116
116
116
115
116
116
115
116
117
118
116
116
116
116
117
120
115
117
116
116
116
116
115
117
116
116
115
116
117
116
117
118
119
119
118
119
119
119
119
119
118
118
119
120
118
118
119
119
118
119
118
119
120
119
118
119
118
119
118
117
116
116
115
116
117
115
116
115
117
117
116
115
116
116
116
116
115
115
116
116
115
115
115
117
115
117
116
115
117
145
116
116
116
117
116
116
116
115
116
116
115
116
117
116
115
117
115
116
120
117
114
115
118
119
118
118
119
120
118
119
119
119
118
118
119
118
120
119
118
123
119
118
118
119
118
119
119
118
119
119
115
115
116
115
116
116
115
116
116
115
116
115
116
116
115
116
116
117
116
116
116
116
116
116
115
116
115
119
121
119
119
120
118
135
151
118
121
118
119
118
118
119
118
119
121
118
119
119
119
121
118
119
118
118
118
119
119
119
118
118
119
119
119
120
119
118
119
118
119
124
119
119
118
118
118
119
119
119
118
120
119
119
116
116
115
116
115
116
116
116
116
115
115
115
116
115
116
116
115
115
116
116
116
115
116
115
116
115
115
116
115
115
115
116
115
115
116
115
117
115
116
116
116
117
115
116
116
115
116
116
115
116
116
116
115
115
118
119
118
119
118
118
120
118
119
119
119
119
119
119
119
119
119
119
118
119
118
118
118
119
119
118
120
118
116
115
116
115
117
115
116
117
116
116
115
116
115
115
116
133
116
115
115
115
115
116
115
116
117
115
116
115
116
116
115
115
115
116
116
116
115
115
116
116
115
116
116
116
116
115
115
116
116
115
116
116
115
116
116
130
115
115
115
116
115
116
115
115
116
116
118
115
117
115
116
116
116
116
116
115
115
116
116
116
116
115
119
118
119
119
119
118
119
119
118
133
121
118
119
118
118
118
119
118
119
118
119
118
120
118
119
118
119
118
116
119
115
115
115
116
116
117
116
116
115
115
116
115
118
116
115
116
116
117
116
117
116
115
116
116
115
117
116
115
116
116
116
116
117
115
117
115
116
117
116
115
117
117
116
118
117
115
117
116
116
117
117
116
115
116
116
117
116
116
116
116
116
116
115
116
116
116
116
116
117
115
115
115
117
116
116
215
116
115
116
115
119
118
119
118
132
118
118
119
121
118
118
119
118
119
118
119
120
139
119
118
118
118
118
119
119
119
118
116
117
115
115
115
116
157
116
116
116
116
116
116
116
115
116
116
115
236
133
116
115
116
118
116
116
115
116
117
116
117
115
116
117
116
115
115
115
115
115
116
116
115
147
116
115
115
116
115
145
116
116
116
131
119
118
121
120
118
119
118
118
120
118
119
120
118
119
118
118
118
119
119
119
119
119
117
119
118
119
121
117
116
115
115
116
116
118
115
115
116
117
116
115
115
116
115
116
117
115
115
118
115
117
116
117
118
116
115
116
115
115
116
142
154
116
115
116
116
116
115
116
116
118
116
115
116
116
116
115
116
115
116
117
116
116
115
116
116
115
116
117
116
118
116
115
116
115
115
116
115
116
116
116
116
115
116
115
115
115
117
116
116
116
117
115
116
115
115
115
116
115
116
116
115
115
116
