143
144
143
143
143
145
143
143
144
144
143
146
144
143
144
145
145
144
145
143
144
143
145
145
143
144
143
143
143
143
146
145
143
144
143
144
143
144
144
143
144
143
144
144
143
144
144
144
143
143
144
143
143
144
143
143
143
144
144
145
143
144
142
143
143
144
145
143
144
144
144
143
145
144
143
145
145
144
143
143
143
143
144
144
143
143
145
144
143
144
143
144
144
144
144
144
144
144
143
145
143
145
143
144
144
144
144
145
144
143
143
144
145
144
144
143
143
143
144
143
143
144
143
144
143
143
145
143
144
144
145
144
145
143
144
143
143
144
144
143
143
143
143
144
144
144
144
143
143
145
144
142
144
144
143
144
143
143
144
143
144
144
143
144
143
143
143
143
144
140
140
140
140
140
140
141
140
140
139
141
139
141
139
141
145
144
143
145
140
139
139
139
140
141
146
143
143
146
143
143
143
146
145
143
143
144
145
143
143
144
145
165
143
143
143
143
143
143
144
143
144
143
143
143
143
144
143
143
143
144
144
145
143
144
145
143
144
143
144
146
144
144
144
143
142
144
144
143
143
145
144
144
143
143
144
143
143
143
143
144
145
144
143
144
144
143
144
143
143
144
143
144
142
143
144
143
143
143
143
144
143
143
144
144
143
143
143
143
143
144
144
143
143
144
144
143
143
143
143
142
143
143
143
143
143
144
143
144
144
143
145
142
144
143
143
145
143
145
144
146
144
143
143
144
143
143
143
143
144
143
144
143
144
143
145
144
143
143
143
142
143
143
143
146
143
143
143
143
144
144
144
144
143
144
144
143
249
144
142
143
142
144
145
148
144
146
144
143
143
144
143
150
143
143
144
143
143
143
144
143
143
143
143
144
144
144
144
144
143
143
142
143
144
144
144
143
145
143
143
144
147
145
143
143
143
144
210
146
211
164
151
166
161
143
143
143
143
143
144
164
164
165
151
147
151
152
148
144
144
144
143
143
145
144
144
142
155
154
151
147
146
144
144
144
144
144
145
143
144
146
143
144
144
145
143
144
143
143
144
143
143
143
144
143
144
144
143
143
143
144
164
147
147
144
143
144
143
221
144
144
143
144
144
186
144
144
144
144
143
143
144
143
144
143
143
144
143
144
143
143
144
144
143
145
144
144
144
144
146
145
155
144
144
144
144
143
143
143
143
143
144
143
143
143
143
143
145
144
144
164
147
148
143
144
144
143
143
144
148
143
143
144
144
143
143
144
145
143
144
144
143
144
144
144
142
144
144
144
143
144
143
144
143
143
143
142
143
144
144
144
144
143
144
143
143
143
143
144
144
143
144
144
143
146
143
144
144
144
165
149
144
143
143
143
144
144
143
144
144
144
143
164
143
260
144
144
144
144
143
143
143
146
144
143
144
145
144
143
163
160
155
145
143
145
144
144
143
144
142
143
143
145
143
144
143
144
143
143
143
143
143
144
144
143
144
143
144
189
144
144
143
143
143
145
143
144
143
145
143
145
143
144
143
143
143
143
143
143
144
145
142
143
143
143
144
144
143
143
144
143
143
146
144
143
143
143
144
143
144
144
145
143
143
144
143
173
143
144
144
144
143
143
144
144
144
143
144
143
144
143
144
144
144
144
144
144
145
144
144
144
144
144
163
163
151
158
144
143
144
143
145
144
145
143
143
143
143
144
144
187
143
143
202
291
144
155
148
147
143
144
145
143
144
143
145
143
145
144
144
143
144
144
144
144
144
144
146
144
144
143
143
143
143
144
143
144
143
143
164
147
147
143
144
143
153
145
143
144
143
143
143
143
143
147
144
197
144
143
144
143
143
144
142
143
144
145
144
143
143
143
143
144
143
143
144
166
142
164
143
214
144
144
143
145
144
144
148
144
144
144
142
142
143
143
144
143
144
143
144
144
146
142
143
143
144
144
144
143
144
143
144
147
144
145
145
142
163
148
165
164
171
153
144
144
143
143
144
143
144
144
144
143
144
145
146
143
144
145
143
143
145
143
143
144
143
143
144
144
145
143
143
143
143
144
144
143
144
143
143
144
145
144
144
143
143
144
144
143
144
145
150
144
143
142
144
143
145
143
143
143
145
144
143
143
145
144
143
144
143
144
144
144
143
143
145
143
143
144
143
144
144
144
144
144
144
143
143
144
143
143
143
144
145
144
145
142
145
144
143
144
143
144
143
142
144
144
144
144
144
143
143
144
144
145
142
144
145
144
143
143
146
142
144
145
143
144
144
144
143
144
144
147
148
143
143
143
147
148
143
143
