200
199
200
199
199
199
199
200
199
199
200
199
199
198
228
209
238
206
200
199
205
199
200
199
199
228
214
228
227
228
228
224
200
200
200
199
198
200
199
199
199
199
204
203
199
199
201
260
204
199
200
199
200
200
199
199
199
199
200
200
199
198
198
199
199
200
200
198
199
200
200
200
199
199
199
199
200
210
215
206
200
198
200
199
201
198
199
200
199
201
199
199
199
199
200
224
203
198
199
201
199
203
198
199
270
199
199
200
199
199
198
199
199
200
199
201
199
298
202
200
199
200
200
200
199
199
200
199
199
199
199
199
199
344
199
199
199
200
201
199
227
198
201
200
226
211
200
199
200
200
199
204
200
201
198
199
199
228
227
227
252
200
199
229
222
224
243
204
205
264
200
199
200
199
199
199
201
255
199
200
199
204
204
204
204
203
204
205
204
204
203
204
205
204
204
203
209
205
203
205
206
204
205
203
200
200
200
227
243
200
201
199
199
200
199
200
199
239
199
198
199
210
217
220
227
228
204
204
204
204
204
204
204
204
204
204
204
204
204
204
206
205
204
204
204
204
203
205
204
200
199
198
200
199
199
227
200
200
200
200
199
199
199
199
199
200
200
200
200
200
199
198
200
220
211
200
199
200
240
199
199
198
222
233
227
223
204
205
199
199
199
199
199
201
243
199
199
199
201
199
210
198
200
266
200
199
201
198
199
200
198
200
199
199
200
199
202
199
199
199
200
200
199
229
253
200
292
200
199
199
202
199
199
199
201
305
222
199
204
204
204
205
205
203
204
203
205
204
205
204
204
205
207
204
203
204
204
204
204
205
205
199
228
200
199
198
205
216
204
205
199
199
201
199
199
199
199
199
198
306
200
199
204
206
204
205
204
204
206
206
204
204
205
203
205
208
204
204
206
204
204
205
203
205
200
199
200
199
200
200
199
206
205
204
324
264
227
199
199
200
200
198
199
199
200
200
199
227
226
215
215
244
242
199
311
199
199
201
199
200
209
198
200
200
200
199
200
204
203
204
204
204
205
203
206
205
204
204
203
204
206
205
205
205
206
276
206
204
204
204
203
204
204
204
204
204
204
206
205
205
204
203
205
204
204
203
204
205
226
215
209
199
199
198
202
229
215
214
201
200
286
200
200
198
198
199
199
198
201
199
200
198
199
200
200
200
199
198
227
228
205
207
224
199
198
199
199
198
199
199
200
200
321
199
200
199
206
204
205
205
205
204
238
205
204
204
205
205
203
204
204
203
205
204
203
230
205
205
203
204
201
200
199
200
199
198
199
198
199
199
199
199
199
201
200
199
199
199
199
216
199
199
199
199
200
198
198
200
198
198
198
220
200
199
200
199
199
199
199
199
199
200
200
199
245
200
199
204
204
204
205
204
204
204
204
204
204
203
204
205
204
204
204
204
205
204
205
204
208
203
199
200
199
199
198
200
199
199
200
198
199
199
263
227
227
199
199
200
199
199
200
199
199
201
200
199
306
199
199
202
199
206
346
199
199
199
201
200
199
200
200
200
249
199
200
198
234
205
204
208
206
204
204
204
204
203
204
204
205
205
205
204
203
204
204
207
204
205
205
204
198
201
200
201
199
199
313
199
199
200
198
201
199
201
199
198
199
200
199
198
199
199
199
313
199
270
202
199
199
200
199
200
199
199
200
199
200
199
199
199
199
200
200
200
200
198
206
204
204
206
205
207
206
204
205
205
205
204
204
204
205
206
262
227
227
204
204
204
204
200
200
199
199
200
199
200
234
435
200
199
199
200
199
199
199
201
199
199
199
198
199
200
204
204
206
205
203
204
205
205
204
204
204
205
205
205
204
204
205
205
204
204
206
206
204
205
204
210
204
204
205
204
205
203
204
207
204
204
203
204
205
204
204
205
205
204
204
204
207
198
199
200
203
200
198
207
272
200
200
200
200
199
199
199
199
201
199
199
200
199
198
199
199
200
199
199
201
200
200
200
202
199
200
198
199
200
198
199
199
200
199
200
199
202
200
199
200
199
198
200
200
199
200
199
258
200
199
199
200
199
200
200
200
202
199
199
199
200
201
199
198
201
199
200
199
199
199
199
198
201
199
200
199
200
200
200
201
199
199
199
202
199
200
200
200
199
199
199
199
200
200
198
198
200
201
200
199
199
200
199
199
198
199
200
199
200
199
198
200
199
199
200
199
200
198
275
206
200
200
199
200
199
199
201
199
199
325
265
227
265
227
227
204
204
204
205
204
204
204
205
203
204
204
204
203
204
205
204
205
204
