247
247
239
239
240
239
240
240
239
241
241
240
240
239
240
239
239
239
239
240
240
238
239
238
246
245
246
246
244
245
246
246
245
245
244
246
246
245
245
246
247
245
247
247
245
247
239
239
241
240
239
238
239
325
423
240
241
240
239
316
240
239
239
242
287
241
241
240
239
240
239
242
239
240
240
240
243
239
238
241
239
241
239
239
238
239
239
239
240
239
238
238
239
239
239
239
239
247
240
240
240
239
239
240
238
240
238
240
238
239
240
239
240
240
239
279
240
239
238
238
240
241
244
240
242
239
294
240
239
242
241
347
241
240
246
247
246
245
245
246
246
244
246
244
247
245
247
246
246
247
245
246
245
246
246
246
239
240
244
357
245
239
242
238
239
240
238
239
240
240
239
239
240
239
239
240
239
239
239
240
240
240
240
240
242
240
240
239
240
240
238
241
239
242
241
240
601
254
241
241
239
240
243
242
241
239
240
258
240
241
239
240
240
239
240
331
241
243
239
239
250
239
240
239
240
239
240
241
273
239
239
240
240
240
240
240
241
241
238
241
239
240
239
240
239
242
238
239
240
241
239
239
239
238
239
238
239
280
286
240
244
293
241
242
244
239
240
240
238
239
240
238
238
240
240
239
239
239
242
239
238
239
239
260
242
239
254
247
246
247
245
255
247
244
246
246
244
245
248
247
245
247
245
246
245
245
245
248
247
241
240
242
239
240
238
241
239
239
239
239
240
240
240
238
240
241
239
239
239
241
239
240
240
241
241
239
242
239
242
239
240
240
241
239
240
240
239
238
242
239
239
239
240
240
238
239
239
239
238
240
239
240
240
239
240
238
239
240
242
240
240
241
238
238
240
240
241
240
241
238
240
240
239
241
239
243
238
239
238
240
240
240
238
239
239
240
240
240
241
240
249
240
242
238
239
296
241
274
401
274
239
241
238
239
240
239
240
240
242
239
239
241
240
238
239
241
240
242
238
241
238
239
240
238
241
240
242
239
283
238
239
240
238
239
241
239
243
240
238
280
241
243
240
241
239
241
240
239
240
240
239
241
238
240
239
238
240
239
239
240
239
239
241
239
242
239
239
240
239
240
239
242
240
242
240
240
241
242
240
304
240
241
240
240
240
238
238
240
239
240
239
240
239
239
240
240
241
240
238
239
238
238
238
240
240
242
239
240
240
239
239
240
239
242
241
240
240
240
241
241
242
241
240
239
239
240
302
240
239
240
238
239
242
239
240
240
239
239
240
241
239
240
241
239
240
238
242
241
239
241
300
239
240
242
239
239
240
241
239
242
241
239
239
238
240
239
238
238
242
240
239
239
239
239
240
240
240
240
240
240
240
240
239
240
240
239
239
239
241
239
239
239
238
238
239
243
241
240
240
240
240
240
242
240
243
240
238
240
238
239
239
239
239
239
238
274
240
242
240
240
240
239
239
240
238
242
239
241
241
241
239
241
240
240
241
239
240
241
240
241
241
310
249
240
238
240
240
239
241
239
239
242
240
241
238
239
239
240
241
240
239
238
242
242
240
240
240
240
241
243
240
389
240
241
241
240
259
248
247
245
247
245
246
248
246
247
249
245
244
246
247
245
246
244
246
245
244
248
260
239
238
238
239
239
239
238
240
240
241
239
298
241
239
240
244
240
240
239
240
240
241
241
239
238
240
241
238
239
240
242
239
238
239
240
242
240
240
243
240
240
240
239
240
241
239
240
240
238
240
239
239
240
240
240
239
238
239
342
360
240
239
325
239
390
246
245
247
247
248
245
247
246
244
246
245
247
245
244
246
246
248
249
246
245
246
245
243
239
240
238
238
240
240
239
239
241
239
239
238
239
238
239
238
244
241
238
240
240
240
239
239
239
240
240
240
240
239
240
240
240
240
239
239
238
241
238
239
242
239
240
240
241
239
239
238
239
239
239
242
239
239
240
242
241
239
286
240
239
239
275
241
307
281
240
240
240
239
241
239
239
242
246
240
238
239
241
239
239
240
240
240
240
238
310
240
239
241
240
241
240
240
239
240
241
283
239
240
238
241
241
238
244
241
239
239
239
280
241
242
240
238
238
239
238
240
240
241
239
240
275
239
271
275
258
241
272
259
252
252
250
233
234
234
253
254
235
275
274
261
251
234
232
235
234
295
233
235
234
240
239
238
239
239
240
241
241
240
246
247
245
239
239
239
247
239
242
241
240
240
240
239
240
238
238
241
240
240
241
238
239
238
274
239
239
242
240
239
238
239
240
239
239
240
238
239
238
241
240
265
240
