287
280
286
280
280
281
281
286
288
287
293
286
280
279
351
288
281
340
280
288
280
287
287
280
288
294
378
329
281
287
287
281
287
287
286
281
286
286
286
286
281
287
280
287
280
280
286
282
282
279
280
280
280
280
281
281
274
274
280
274
281
274
281
274
273
274
273
273
279
275
282
281
280
273
281
274
281
281
279
339
280
286
290
286
280
287
280
286
280
287
280
281
287
286
287
281
280
281
286
280
282
286
287
280
280
425
286
280
281
281
280
286
281
279
281
280
281
286
288
281
281
281
280
287
281
280
286
280
289
286
280
282
281
281
287
280
281
288
281
280
280
280
280
286
287
281
288
287
280
280
287
280
286
282
281
286
293
282
287
285
279
280
286
280
280
280
286
346
281
283
334
287
281
286
281
287
286
280
287
288
294
301
302
287
287
286
281
287
280
287
281
288
287
280
287
286
286
286
280
280
287
281
287
287
287
286
280
333
280
286
280
322
358
320
303
294
279
288
280
280
286
286
281
280
287
286
280
287
282
288
286
279
287
280
287
280
372
280
287
279
286
280
282
287
281
286
289
286
280
280
289
281
290
287
282
288
286
288
292
286
282
288
280
281
288
280
288
287
287
280
280
281
281
280
286
286
280
281
287
280
287
279
287
327
302
310
305
287
286
286
286
280
325
285
282
282
288
294
300
281
280
280
280
281
280
280
281
279
282
281
281
288
289
287
391
281
280
280
279
281
287
287
287
280
281
281
280
287
280
279
281
281
290
287
286
280
286
286
319
317
303
288
280
286
287
286
281
280
286
280
287
287
281
286
287
282
283
287
287
287
286
330
293
296
302
287
293
287
281
286
287
289
280
281
286
282
288
280
287
281
281
280
287
281
281
286
280
287
286
287
280
286
280
287
286
281
286
280
280
281
287
290
280
287
281
280
287
286
280
286
280
288
286
281
280
286
287
280
353
282
280
281
280
287
287
280
286
287
286
288
286
279
287
286
280
288
280
280
287
289
281
280
281
286
280
282
286
287
282
280
281
286
280
280
286
281
289
287
283
286
285
288
289
279
287
294
281
281
281
287
280
286
280
289
287
287
282
293
288
280
280
280
281
281
280
280
287
329
287
287
287
289
287
281
279
280
280
279
280
286
280
280
287
280
288
288
280
286
286
281
288
280
287
281
288
280
281
280
287
286
286
289
286
286
281
281
343
287
439
280
287
286
281
280
280
286
286
281
280
286
282
286
288
280
287
279
279
287
287
287
288
281
281
280
286
287
281
286
280
281
282
288
280
288
280
280
286
280
287
280
280
319
286
280
287
287
287
280
287
281
279
281
290
280
280
286
281
281
280
285
286
283
287
281
287
328
287
280
281
280
281
286
280
286
280
287
286
286
288
280
280
287
287
347
280
286
280
280
290
293
286
281
280
279
280
281
280
281
286
280
281
287
280
286
280
287
286
280
281
287
286
286
280
288
287
280
281
286
282
287
280
288
286
286
279
279
282
287
280
280
291
287
282
286
280
280
281
288
282
288
281
286
280
287
288
287
280
286
287
282
281
281
286
279
286
286
280
280
279
281
279
287
280
287
280
280
273
280
280
279
274
274
275
281
280
280
280
280
281
281
273
274
280
280
275
286
282
287
287
281
281
280
280
287
287
280
281
286
282
281
280
287
282
281
288
288
288
286
281
287
287
287
280
286
280
280
286
282
287
280
289
280
280
282
287
286
280
289
286
279
308
282
280
287
289
287
286
280
280
281
285
281
280
287
286
287
287
282
280
280
280
280
280
280
286
287
289
381
288
286
286
286
281
280
280
287
281
286
281
286
287
287
286
283
286
287
283
354
280
289
286
286
361
329
282
283
280
287
281
287
280
288
280
281
286
279
281
287
281
280
288
281
280
289
286
379
279
282
286
287
287
281
292
288
286
286
281
490
281
281
451
288
280
288
280
281
280
287
281
289
281
287
280
280
287
286
281
287
282
286
281
281
282
323
366
281
287
281
280
288
320
298
282
286
287
286
281
281
287
280
280
281
281
287
281
286
287
287
282
286
281
281
281
287
282
287
280
286
287
287
280
287
281
282
280
282
280
287
281
280
280
287
286
280
282
280
290
287
280
281
286
286
287
281
280
281
286
286
288
432
282
281
283
280
282
280
281
287
280
280
280
287
287
280
282
288
287
286
283
286
287
286
287
286
280
281
280
280
286
280
286
286
286
286
281
287
280
287
281
287
280
286
280
282
287
280
280
286
280
287
280
287
281
286
280
286
287
281
286
286
