345
397
344
345
344
331
345
331
330
335
343
342
345
343
330
331
330
344
330
342
343
331
330
329
344
344
344
330
345
343
344
331
329
344
344
375
333
331
374
330
342
330
330
343
343
330
330
330
343
344
344
330
344
343
344
330
329
343
330
343
343
411
343
330
348
360
330
403
342
330
343
330
332
343
343
330
343
344
330
344
330
343
329
330
375
330
329
343
343
331
343
343
344
389
329
330
344
330
334
330
344
329
344
330
330
343
342
344
331
343
329
344
330
331
343
343
332
342
343
331
330
322
322
335
321
322
339
336
321
379
336
377
334
437
322
324
437
454
394
332
343
331
330
343
343
343
330
330
329
331
330
331
343
330
343
331
330
330
332
330
329
330
330
329
344
454
391
338
344
333
343
342
332
343
344
330
344
322
336
336
336
322
335
322
322
321
335
334
335
335
322
337
322
321
323
336
334
330
331
330
343
330
330
333
345
329
330
330
330
343
329
344
330
331
330
343
322
322
322
322
335
430
334
336
337
335
322
335
337
325
357
323
323
322
344
343
330
464
331
343
343
343
332
331
344
330
332
343
331
343
330
344
330
330
343
402
345
343
344
329
331
330
331
330
343
343
344
343
330
331
329
343
330
343
367
323
335
337
323
335
323
336
336
337
323
413
323
336
330
454
392
352
353
334
322
322
336
338
335
322
480
360
335
322
324
335
337
324
324
334
336
336
346
330
331
343
330
331
344
329
344
343
329
330
330
379
344
332
330
330
346
330
344
330
344
331
331
329
343
346
343
332
345
331
345
330
330
344
343
344
332
330
342
343
330
330
344
344
330
343
343
330
330
330
330
330
330
343
331
343
344
323
323
322
335
322
322
338
335
322
335
335
377
335
335
322
323
351
324
323
344
344
332
330
333
329
330
345
343
329
343
331
330
330
330
332
330
348
343
344
343
343
346
344
330
331
344
343
331
344
342
343
346
332
343
342
343
330
331
343
330
344
332
454
395
349
370
343
330
343
343
398
330
330
330
344
343
353
338
339
338
339
351
351
339
341
338
338
351
351
353
340
338
351
339
352
342
330
374
331
330
345
332
329
331
344
342
343
329
331
331
343
333
330
332
343
436
335
367
324
335
335
324
501
458
381
335
342
322
322
323
362
324
353
339
342
351
338
352
352
338
352
338
352
338
352
338
352
352
356
352
339
344
343
331
343
342
344
344
331
343
330
343
330
333
343
343
375
343
342
331
329
330
330
344
344
330
344
344
331
330
344
330
427
335
330
330
332
331
426
352
338
339
343
351
351
349
338
352
354
339
338
353
351
352
338
338
352
351
344
377
344
330
331
330
343
345
330
330
330
330
330
329
330
330
330
344
329
331
343
331
330
329
344
344
344
330
343
342
344
330
345
332
344
376
334
331
330
351
372
353
351
353
338
340
354
339
372
339
337
339
352
352
338
340
353
330
344
412
344
331
344
331
344
330
343
343
330
329
330
386
343
331
331
343
331
344
345
331
331
330
331
332
331
331
343
344
343
343
343
344
383
342
344
329
330
343
489
352
334
331
343
330
344
343
331
344
418
331
345
379
343
343
342
330
330
386
343
344
331
344
343
345
332
330
349
343
332
342
330
344
331
330
330
344
344
703
462
377
352
362
342
331
329
330
344
375
331
343
344
330
343
343
343
343
343
330
344
331
343
344
343
331
344
331
344
329
344
388
330
344
330
343
329
343
330
330
331
344
331
551
330
331
343
449
449
331
339
351
352
338
339
338
355
353
339
352
337
338
353
352
338
338
337
353
353
331
329
329
330
330
333
330
332
330
330
343
330
567
331
330
343
372
346
343
330
330
331
344
346
331
330
331
330
329
330
330
450
331
329
386
333
332
343
344
330
344
331
329
330
330
329
330
330
330
343
331
343
331
344
330
344
344
344
323
334
322
322
336
335
322
360
322
324
336
335
322
335
334
321
337
393
335
330
344
330
344
331
343
331
330
330
343
331
343
330
343
330
345
343
331
331
344
322
322
322
321
322
322
335
322
343
335
394
322
371
392
377
376
378
324
344
343
410
329
330
330
382
331
330
331
343
330
345
331
342
331
344
454
391
342
338
338
352
351
374
454
392
352
340
352
339
341
338
338
338
338
343
331
330
330
330
345
343
342
330
330
343
329
330
343
343
330
343
333
431
342
343
343
331
331
343
343
331
409
333
344
330
342
344
331
330
343
329
343
343
343
330
330
330
330
330
330
331
329
331
344
343
344
330
330
330
344
344
346
331
329
331
351
330
