388
369
390
370
389
388
390
370
389
388
537
369
389
401
402
398
378
377
377
398
443
398
378
378
514
421
398
397
398
390
431
390
389
389
390
389
388
441
389
367
389
368
388
388
369
368
369
388
368
389
389
369
389
368
369
369
389
389
389
370
369
388
476
530
370
378
399
398
378
403
398
378
399
398
398
380
399
380
379
380
379
379
381
390
368
385
368
368
388
369
368
389
388
389
460
388
368
388
389
368
368
368
388
369
390
388
388
369
414
372
390
389
369
390
388
368
368
368
389
378
378
378
398
424
398
378
398
398
398
398
379
378
397
378
377
399
399
388
390
415
390
368
389
369
369
369
389
369
368
388
369
369
525
546
555
654
456
682
448
617
489
468
455
435
420
419
368
391
368
388
369
368
388
389
370
388
388
368
388
369
369
369
370
368
389
389
368
368
389
369
371
369
388
370
369
388
389
359
360
360
379
378
378
398
382
359
378
360
409
379
382
359
381
361
360
368
368
368
369
390
388
389
368
369
368
369
373
389
369
372
388
369
389
394
359
380
379
360
359
381
360
360
379
360
360
361
400
360
418
379
379
373
368
368
388
370
388
368
368
388
372
391
368
395
369
370
390
388
389
368
368
368
389
369
368
389
436
388
370
390
391
369
368
388
371
368
368
390
388
388
388
388
368
390
389
370
387
369
390
370
389
369
368
370
388
369
360
380
359
379
360
379
379
359
359
359
360
507
379
360
380
379
382
380
379
390
390
369
370
388
368
368
390
389
389
368
406
389
391
371
369
389
388
369
388
371
368
388
368
389
388
391
368
390
368
388
370
369
389
387
369
388
369
389
388
369
368
368
369
388
368
370
388
368
368
368
388
388
368
368
360
379
362
379
380
360
360
359
359
359
380
360
379
379
518
360
360
379
432
368
370
368
368
373
389
369
371
387
368
388
368
368
389
389
368
390
388
369
388
389
389
369
388
388
370
389
389
389
482
390
388
389
389
368
387
370
370
369
390
369
369
368
388
369
389
389
370
390
388
368
491
389
456
388
390
389
369
389
389
389
388
389
369
389
370
390
369
368
368
369
368
389
369
388
388
389
368
389
368
369
389
369
388
368
370
369
368
390
368
369
379
380
360
360
378
380
360
379
379
379
380
380
360
379
381
360
380
378
379
378
379
378
360
379
379
380
360
360
359
380
508
361
362
359
378
381
457
465
392
369
390
367
388
369
369
389
388
369
369
388
368
369
368
369
389
370
389
368
393
368
369
369
370
368
389
388
389
369
389
370
370
368
368
388
368
391
389
370
368
388
369
390
388
388
368
388
368
391
370
390
369
368
389
448
391
369
368
389
388
369
369
369
368
388
369
368
387
369
368
369
388
369
369
390
421
372
380
388
390
388
371
369
388
388
368
390
369
369
367
389
369
389
369
389
389
389
389
389
388
442
388
389
390
369
390
369
389
369
371
370
368
389
389
390
369
390
390
369
388
387
368
388
369
389
369
369
369
368
389
368
388
389
368
388
428
388
368
368
389
369
370
369
369
369
390
388
389
388
371
388
368
388
389
387
388
368
370
368
369
389
388
389
368
389
371
369
368
389
368
368
371
369
368
390
368
388
369
389
394
380
382
359
379
381
360
382
378
359
360
380
380
380
361
379
360
380
409
389
368
370
368
368
368
511
372
389
388
370
389
369
370
368
369
389
388
368
389
370
370
368
368
389
388
389
389
388
369
388
388
368
388
368
369
368
359
361
379
360
380
379
405
380
360
428
380
380
379
379
360
380
379
359
389
388
390
370
389
368
388
388
369
388
368
388
389
369
390
442
368
388
388
369
414
369
388
369
368
388
369
388
371
368
368
367
370
368
369
389
368
378
380
381
360
379
360
380
379
359
379
382
465
509
360
360
359
568
380
388
368
369
368
370
369
388
390
368
391
389
388
388
392
393
390
369
373
368
368
370
388
370
390
369
388
387
368
368
388
368
389
427
369
390
369
388
359
380
379
380
361
360
379
360
378
359
379
380
360
380
362
362
362
362
370
371
369
389
369
390
389
368
389
368
368
370
368
368
369
440
388
388
368
389
371
413
412
452
389
388
368
390
368
388
368
388
389
392
390
389
369
415
390
591
514
442
390
423
387
370
369
369
389
368
388
388
391
379
380
379
360
359
380
380
380
380
359
363
360
360
359
379
362
380
359
451
389
389
389
370
389
388
368
389
369
370
388
391
388
388
368
390
369
387
372
389
436
370
369
370
369
369
389
389
369
388
369
368
369
389
367
368
