553
551
535
537
568
551
581
578
583
567
567
490
537
580
582
536
551
550
552
560
537
568
568
552
538
552
567
524
494
571
539
567
568
563
569
480
548
553
537
627
590
567
599
539
507
537
552
552
727
588
566
731
639
581
582
564
540
581
580
534
532
550
568
566
568
567
552
567
493
552
566
566
566
554
539
546
538
568
569
522
547
552
537
540
523
524
507
567
582
572
538
554
552
565
568
552
537
566
568
569
568
468
567
522
537
594
561
538
543
568
463
569
553
539
881
645
537
552
567
567
522
570
567
552
567
537
568
552
568
552
554
566
566
586
581
550
581
507
566
563
550
583
454
582
582
585
567
551
566
582
567
581
566
551
566
566
583
552
562
567
582
582
536
582
554
552
553
566
556
567
568
568
553
567
522
568
548
567
536
538
553
567
579
569
569
567
593
567
538
568
510
542
567
552
611
522
527
552
582
551
581
550
547
569
582
552
552
536
539
553
581
550
581
508
549
553
569
566
492
566
538
551
507
553
523
552
567
568
568
548
492
544
537
537
528
552
552
567
526
567
554
567
552
522
568
478
538
478
551
537
552
561
552
566
569
522
567
552
603
552
527
625
589
553
567
508
567
566
561
538
567
552
565
538
551
568
551
538
567
537
523
537
567
553
568
553
508
567
552
568
567
567
567
550
567
567
518
566
570
568
553
461
458
616
567
568
553
553
523
564
522
568
553
581
516
581
582
566
539
566
519
520
566
582
531
566
581
551
550
567
567
568
567
567
539
568
567
731
577
567
537
523
569
567
552
462
553
553
553
539
555
619
539
510
496
510
554
522
496
525
539
617
553
568
553
550
539
492
613
523
583
567
552
521
568
507
567
553
566
537
568
552
536
551
567
568
551
523
554
568
567
507
537
567
567
553
583
538
537
554
568
552
618
553
553
567
568
537
567
522
552
538
515
538
552
567
622
542
554
492
568
537
553
567
537
567
554
567
567
567
567
573
567
552
568
537
567
567
568
539
537
538
543
568
682
534
583
520
535
582
505
562
584
567
552
566
570
646
565
550
565
581
552
552
552
569
493
554
552
523
517
567
567
567
567
507
552
508
537
554
554
553
554
525
525
541
543
539
510
553
637
513
511
525
502
539
539
537
580
567
567
567
591
552
675
538
552
554
568
569
538
537
567
522
566
537
609
537
537
566
561
553
553
539
562
525
663
568
523
567
553
552
567
552
507
568
555
554
493
440
525
566
548
523
566
567
552
567
553
537
569
537
565
568
552
538
568
586
567
552
567
568
501
567
552
552
568
537
537
568
523
552
553
567
537
568
537
553
553
569
553
508
566
553
566
574
567
578
568
568
566
560
567
566
537
555
553
538
569
522
537
569
492
553
566
448
567
580
568
562
567
570
492
620
567
567
538
591
568
567
537
538
553
561
569
591
552
569
567
538
567
489
566
568
567
523
702
596
567
539
568
542
577
567
537
601
492
566
547
601
569
538
537
567
539
552
523
525
567
553
567
545
510
538
516
568
538
539
492
523
567
524
553
552
567
429
552
537
553
587
567
573
476
551
522
553
552
538
566
523
568
567
567
552
552
447
566
568
567
537
567
539
494
590
537
507
568
568
492
552
553
522
560
523
507
567
567
544
484
552
568
567
568
569
568
509
858
778
708
631
611
664
631
565
522
525
569
568
573
535
582
535
583
552
520
551
566
581
582
568
566
581
550
566
566
566
553
555
552
523
568
526
493
552
553
521
567
554
566
596
685
666
705
727
754
716
687
646
665
647
582
577
566
507
568
568
568
537
569
537
523
544
539
568
537
580
540
568
581
582
581
581
551
560
535
581
524
566
581
568
582
551
535
567
538
561
570
568
566
568
566
553
530
553
567
552
552
567
447
582
552
539
538
553
552
553
569
538
516
567
567
552
553
552
522
477
553
553
564
508
553
524
568
588
673
553
538
552
522
552
553
537
537
567
552
567
568
569
508
553
567
522
567
540
568
470
567
567
567
567
569
567
516
552
539
569
573
651
553
553
567
552
443
463
567
567
536
491
529
583
566
553
552
536
581
535
567
565
566
566
550
505
581
452
553
569
552
554
553
523
567
523
552
567
553
575
567
523
553
609
568
569
537
523
553
507
567
500
568
552
537
567
553
537
523
567
731
532
539
552
568
577
568
555
539
563
595
538
554
512
542
545
552
581
551
559
559
577
531
583
550
573
567
581
551
581
566
587
528
538
542
566
570
523
632
477
538
566
568
508
553
552
568
508
566
566
582
476
551
581
