28
33
33
33
32
33
31
34
32
32
31
34
29
32
29
33
34
33
28
33
34
34
30
33
33
32
33
33
32
33
33
29
34
34
32
32
33
34
34
33
34
34
33
32
33
33
35
34
32
34
34
56
35
36
34
32
33
34
32
33
33
33
33
33
34
34
30
33
33
33
33
32
33
33
33
33
34
32
32
34
33
32
33
34
33
33
34
33
33
34
33
33
33
33
33
28
33
35
34
31
34
33
33
33
34
31
31
34
32
33
34
32
33
33
34
33
34
33
33
33
31
34
34
34
34
31
34
31
33
32
33
33
33
33
34
33
34
33
34
34
32
32
34
34
34
34
33
33
33
31
35
29
33
33
32
33
32
34
31
34
34
34
32
33
33
33
34
34
35
33
34
33
31
33
32
33
34
34
34
34
33
33
33
34
34
31
34
34
33
31
31
33
32
33
34
34
33
33
33
34
31
34
34
33
34
34
33
34
35
33
33
33
34
34
33
33
34
33
33
33
33
35
33
33
35
34
33
34
33
31
34
34
33
34
29
34
34
33
34
33
32
33
31
34
34
33
33
33
33
33
33
33
33
34
33
33
34
34
33
34
33
33
33
33
33
33
33
32
33
28
33
34
32
32
34
30
34
33
33
32
32
33
34
33
32
32
32
34
33
32
34
32
34
34
34
32
33
33
33
33
31
34
34
32
33
33
34
34
31
32
28
34
34
32
33
33
32
32
33
32
33
32
34
33
34
33
33
34
33
33
33
31
32
33
34
34
32
33
31
31
34
33
33
33
33
33
34
33
33
33
34
31
33
31
28
33
32
33
34
32
34
33
32
32
33
32
34
33
34
34
32
35
34
34
33
32
33
33
33
28
33
33
33
33
33
34
33
31
33
32
31
32
34
33
33
32
34
32
31
33
32
34
34
33
33
29
32
33
33
33
34
32
33
34
33
34
34
34
28
32
34
35
33
33
31
34
33
32
34
32
31
33
33
34
34
34
33
33
31
45
36
40
41
42
39
41
42
39
39
39
40
37
37
39
38
36
34
33
34
34
34
34
34
34
34
34
34
32
34
33
32
33
33
34
34
34
31
34
34
33
31
34
33
32
32
32
33
34
33
34
34
33
53
33
32
64
36
34
35
34
34
35
35
35
32
34
35
35
34
34
33
33
34
32
34
33
35
33
33
33
34
35
34
35
32
35
30
33
33
35
35
35
33
34
33
35
32
35
35
33
35
35
34
35
34
35
35
35
34
33
33
35
34
35
34
35
32
34
33
33
34
34
34
35
34
33
35
35
35
34
35
33
34
34
30
32
34
39
35
34
33
34
35
34
32
34
31
34
34
32
34
34
34
33
34
33
34
31
32
34
35
33
35
34
32
35
35
35
35
34
34
32
30
34
35
34
33
35
32
34
34
35
34
34
35
34
34
33
33
35
34
33
32
35
34
33
34
34
33
34
34
33
32
33
33
34
33
33
33
35
33
34
30
34
35
34
35
34
34
31
34
35
34
33
33
32
35
35
34
35
34
35
34
33
34
34
34
35
34
34
35
32
33
32
34
34
32
30
35
32
32
33
35
35
34
32
32
32
34
33
35
35
34
34
34
33
32
35
33
32
35
33
34
34
34
34
34
35
34
32
35
34
34
34
34
32
34
34
34
35
32
34
32
34
35
35
35
34
34
32
32
35
32
35
34
34
34
35
34
35
34
34
35
35
32
30
35
34
32
35
34
32
33
33
34
33
32
34
33
34
34
33
30
34
34
35
32
34
35
34
33
33
33
34
33
32
34
37
34
32
35
35
33
34
34
34
34
34
34
34
33
35
34
34
34
34
34
34
35
33
32
32
34
34
35
32
35
33
33
31
35
36
32
34
34
35
34
35
31
31
35
35
35
34
35
33
34
34
34
33
34
34
31
33
35
35
35
33
35
35
35
33
33
34
34
35
35
34
34
35
34
36
33
35
33
35
32
33
37
33
35
35
34
34
35
34
30
32
30
34
34
34
32
33
33
33
33
36
34
33
34
34
33
34
34
35
33
34
34
35
33
34
31
31
33
34
34
34
31
34
35
33
35
35
34
35
33
33
35
34
31
33
34
34
34
34
35
30
34
35
34
35
33
34
32
33
33
33
32
34
30
33
34
33
34
34
33
33
33
33
33
34
33
33
32
33
28
34
33
34
33
33
32
34
34
33
32
33
33
34
33
33
32
33
34
34
31
33
33
34
33
34
33
49
31
32
34
35
34
33
33
32
33
31
33
33
33
34
31
31
