48
47
50
47
47
48
48
48
48
48
47
51
49
49
49
49
48
49
49
48
49
49
49
49
50
49
49
50
48
49
48
49
49
48
48
49
48
48
49
48
50
50
49
49
49
51
49
49
49
50
50
49
49
49
49
49
49
49
49
48
49
48
49
50
49
48
49
49
48
48
50
50
49
49
49
49
49
49
49
50
49
51
48
48
48
49
48
48
48
49
49
75
49
48
49
49
49
48
48
49
49
48
48
50
49
49
48
48
48
49
49
49
49
48
49
49
48
48
48
48
49
48
49
47
47
47
48
47
48
48
48
84
48
47
47
49
48
48
47
47
47
48
47
47
48
47
49
87
88
76
47
48
49
47
49
49
62
48
63
49
50
49
48
49
48
49
50
49
58
83
49
49
52
49
53
49
49
49
49
49
48
48
48
48
48
49
49
49
49
48
49
49
49
49
49
48
49
49
49
49
49
48
49
49
48
49
48
49
49
49
48
48
50
49
50
48
48
49
49
48
49
49
49
49
49
48
48
49
49
49
51
49
49
48
49
48
48
47
47
47
48
48
48
47
49
48
48
48
48
49
47
50
48
49
48
48
47
48
49
47
48
47
47
47
47
47
48
47
48
49
49
50
49
48
48
48
50
48
50
49
49
49
49
50
49
49
49
49
49
48
49
49
49
49
48
48
49
51
49
49
48
48
48
49
49
49
48
47
48
48
47
47
47
47
47
48
48
48
47
48
48
48
47
47
48
48
48
48
47
48
48
47
47
47
48
48
77
48
49
47
48
47
48
48
48
48
50
49
48
49
49
50
48
49
48
49
49
48
50
48
48
49
49
49
49
49
49
48
49
50
48
48
48
48
49
49
48
50
50
49
48
48
49
47
48
47
47
48
47
47
48
47
47
47
48
48
47
47
48
48
47
47
47
47
47
47
47
48
48
47
47
48
48
47
47
48
55
62
48
48
49
49
48
49
49
50
49
50
49
49
49
51
48
49
49
49
50
49
49
49
49
49
49
49
49
49
49
49
48
49
49
50
49
50
49
49
48
48
49
49
48
48
49
48
48
50
49
47
50
48
49
50
49
49
49
48
48
49
48
48
48
49
49
49
49
50
49
48
49
48
49
49
50
49
50
48
47
48
47
47
47
48
48
47
47
48
48
48
48
48
47
94
48
47
83
48
47
47
47
48
48
47
47
47
48
47
47
48
48
48
47
48
49
50
48
49
49
48
48
49
48
49
49
49
49
49
48
49
48
49
49
48
49
49
49
49
48
49
49
48
49
48
49
49
49
49
49
49
49
49
49
49
48
49
49
49
48
49
49
48
49
49
49
49
48
50
48
48
49
48
49
48
49
48
49
48
48
48
50
48
48
49
48
49
49
49
48
48
47
47
47
47
47
47
48
49
48
48
48
48
47
47
47
48
47
48
47
47
48
48
47
47
47
48
48
47
48
47
48
48
48
47
47
48
49
48
47
47
48
48
47
48
47
47
47
47
47
47
47
50
48
48
47
48
47
47
48
47
47
48
47
47
47
47
47
47
49
49
47
48
47
47
47
47
48
47
47
47
47
47
47
49
47
47
47
48
47
47
48
48
71
50
47
48
48
61
47
47
48
48
47
48
48
48
48
50
47
49
49
47
47
49
49
48
49
48
48
49
48
49
50
49
48
48
49
49
48
48
48
49
48
49
49
49
49
49
48
49
49
49
49
49
49
49
49
49
48
49
48
48
47
48
47
47
47
47
47
47
48
47
48
47
48
47
48
47
47
47
47
47
48
47
48
47
47
48
48
47
47
47
47
47
48
49
47
46
48
47
48
48
47
47
47
47
47
48
47
47
69
48
48
47
48
47
47
47
47
47
47
48
47
46
47
47
47
48
47
47
47
47
48
47
47
47
49
48
48
47
48
47
47
47
48
49
47
47
48
47
48
47
48
47
48
47
48
48
48
47
47
48
47
49
47
48
47
47
48
47
47
48
48
47
46
48
48
47
47
48
47
47
48
48
48
47
47
48
47
48
47
47
49
48
47
47
48
48
47
48
49
47
47
47
48
70
47
48
48
47
48
47
48
49
49
49
49
48
49
48
49
49
48
49
49
48
49
49
48
49
48
49
49
48
48
49
49
49
48
49
49
49
48
49
48
49
50
49
48
48
49
48
48
48
47
48
47
48
47
48
47
47
47
48
48
48
47
48
47
47
48
48
47
47
49
47
47
47
47
47
48
47
48
48
49
48
48
48
49
48
48
48
47
48
47
47
48
48
48
47
47
47
