54
55
55
54
55
54
52
38
54
54
55
49
55
102
56
54
53
54
54
54
53
55
54
52
55
55
54
54
37
55
54
55
54
54
54
54
55
54
55
54
54
54
55
54
54
45
45
52
54
52
55
54
53
56
55
49
54
45
54
55
52
55
53
54
37
54
45
54
54
54
55
55
55
55
55
55
41
54
52
54
54
54
55
54
45
54
49
54
54
52
55
56
54
54
54
53
54
54
52
54
54
55
41
54
50
55
54
54
54
56
55
54
55
54
54
54
54
37
55
55
54
55
52
44
55
54
55
45
52
55
55
54
55
55
55
54
54
54
54
55
54
54
53
51
45
53
54
90
55
55
54
54
54
54
55
54
45
55
54
72
56
54
54
51
54
42
55
54
54
54
55
55
55
54
48
54
53
104
53
49
55
53
54
41
49
54
55
54
54
55
55
55
54
54
54
55
54
54
54
54
55
55
55
56
55
54
54
41
54
48
45
55
54
54
55
54
54
53
52
54
54
55
54
54
53
54
53
54
54
41
55
54
55
54
56
54
55
54
55
55
54
55
54
54
54
55
54
55
54
53
53
54
54
56
55
54
55
55
55
41
54
54
55
54
55
55
55
55
53
55
45
55
55
45
55
54
55
55
37
55
54
54
54
48
55
54
55
54
54
55
53
55
54
49
37
55
54
54
55
51
55
56
53
52
52
54
54
37
42
55
54
54
55
55
49
54
53
55
53
55
47
54
54
53
54
54
55
54
55
53
55
54
55
55
54
54
54
52
55
54
54
55
55
54
54
50
56
55
54
55
52
50
55
57
54
54
55
54
56
55
54
54
55
55
54
55
54
53
52
54
52
55
54
49
55
54
54
55
54
52
43
55
45
53
55
54
54
54
54
55
46
55
54
55
54
55
54
55
55
54
55
54
54
55
54
54
55
55
52
54
54
54
54
53
54
55
45
55
46
37
55
54
55
55
45
54
54
55
53
55
55
54
55
53
55
49
55
55
54
54
54
53
55
41
56
54
54
54
54
54
55
55
55
54
56
37
54
54
55
52
50
55
55
54
37
55
54
54
41
54
55
54
55
55
49
55
45
55
54
54
55
53
55
54
52
55
54
55
55
54
54
55
53
54
54
53
53
53
114
54
52
55
54
52
45
55
54
49
54
52
45
54
55
53
54
44
55
54
54
48
54
53
55
109
55
45
54
54
37
54
54
56
55
54
54
55
54
48
55
55
54
49
54
54
54
54
55
55
55
54
55
52
55
54
54
54
55
55
53
54
54
47
55
54
55
46
53
55
54
54
55
54
55
54
54
54
41
55
54
40
55
53
54
54
54
54
54
54
55
41
54
55
55
55
54
55
54
54
55
49
53
53
50
54
54
55
55
47
37
54
55
54
55
55
57
55
54
55
37
54
53
54
53
55
54
54
54
54
55
55
55
54
45
54
52
55
54
54
54
55
54
54
39
55
55
54
54
53
54
55
55
53
53
38
54
55
54
54
45
54
54
55
54
54
55
55
54
55
54
49
55
55
55
53
53
54
54
54
54
49
54
54
54
54
54
55
49
55
54
49
54
54
55
54
53
54
54
54
37
54
48
54
54
54
53
54
54
55
55
55
54
54
45
55
54
54
45
54
37
50
55
54
55
55
37
55
54
54
55
54
49
53
54
55
54
54
54
54
54
54
54
55
54
49
54
55
55
55
37
54
55
55
54
54
54
49
40
54
53
55
53
54
55
54
55
54
54
55
55
54
54
53
53
54
55
49
54
54
55
55
55
55
55
52
49
37
54
55
54
55
55
53
37
52
53
54
54
55
54
55
55
54
53
40
55
51
54
54
55
45
54
52
45
55
55
54
53
49
55
55
55
55
54
54
55
54
54
53
55
38
57
47
54
52
54
54
54
54
54
54
54
48
52
55
55
54
54
52
54
54
55
54
52
54
54
55
54
54
54
54
55
54
55
55
52
54
55
54
54
54
37
54
54
54
54
54
55
55
53
45
54
55
55
55
55
54
55
55
54
54
48
55
55
45
54
54
54
55
43
54
54
55
37
55
54
54
55
55
53
53
55
54
54
55
54
54
54
54
56
55
38
55
55
49
53
56
54
62
55
54
45
41
55
54
55
54
55
41
56
55
54
55
55
54
55
56
55
55
55
55
53
54
54
55
53
54
54
48
54
54
54
55
53
37
55
54
55
53
51
41
54
54
55
54
54
55
55
40
55
53
54
54
55
53
55
54
55
54
55
54
46
55
54
41
54
52
54
49
55
55
