71
73
73
73
73
72
74
66
73
73
73
73
74
73
73
61
73
61
68
73
73
73
73
73
73
56
49
71
73
72
73
70
63
73
73
68
73
73
71
74
73
75
73
71
73
72
71
72
73
73
73
72
72
73
72
73
73
73
72
73
72
72
70
63
74
73
52
72
73
73
73
73
73
74
73
74
72
72
62
74
72
73
52
72
73
120
93
91
88
77
91
87
80
69
86
84
86
86
81
80
54
74
64
74
72
73
73
74
63
83
80
73
69
70
101
73
75
75
75
75
74
75
74
75
74
75
75
75
74
74
75
51
74
75
75
70
74
74
75
74
75
75
74
75
75
66
75
72
74
74
72
73
72
73
72
73
73
72
73
73
66
73
74
70
73
73
72
58
110
72
72
73
66
72
73
68
72
73
72
75
72
73
72
74
74
75
73
73
74
70
75
75
74
75
73
75
75
75
75
61
72
75
75
75
75
54
75
70
74
74
75
75
67
76
75
73
75
72
75
55
72
74
75
75
74
75
75
75
74
61
65
75
75
75
68
74
74
74
72
74
75
65
65
74
74
75
74
74
74
73
73
73
73
73
72
72
72
72
74
72
73
66
73
73
74
72
73
73
73
73
73
74
72
72
72
73
73
74
73
73
70
73
50
72
73
73
72
72
73
73
73
73
57
73
73
62
73
54
71
59
72
72
73
73
70
74
73
73
72
72
70
73
68
66
72
72
72
73
71
52
68
73
73
73
73
52
75
72
73
73
66
114
72
73
52
68
55
73
56
73
73
74
72
73
73
73
99
53
75
74
74
69
74
50
74
74
74
75
75
75
60
75
75
75
75
74
74
76
76
74
75
75
76
75
77
60
74
60
73
71
67
74
75
71
73
73
72
74
73
74
72
73
73
58
71
50
73
72
73
72
73
116
50
74
73
64
72
73
74
73
73
73
87
73
73
73
74
77
53
74
75
68
74
74
74
68
75
75
73
75
75
75
73
67
75
97
74
74
75
75
75
76
75
76
74
74
75
63
74
74
75
75
74
63
74
75
75
55
76
74
75
75
75
74
75
75
75
75
75
74
74
75
74
74
75
60
76
76
75
74
68
73
75
70
72
74
73
72
72
73
73
73
70
73
72
73
70
70
73
73
73
73
73
74
73
73
52
73
72
73
113
73
74
72
69
73
72
69
73
67
72
66
56
73
72
54
73
73
72
66
72
73
73
73
73
73
64
52
52
115
73
74
73
54
73
120
73
68
66
73
73
73
56
73
64
71
74
73
73
61
73
72
73
73
73
73
71
72
73
73
73
50
74
73
72
73
70
73
71
56
72
63
73
61
73
72
73
73
71
71
73
72
73
74
84
109
102
73
73
55
73
74
73
73
73
73
73
73
73
73
73
57
73
73
73
72
75
75
75
68
75
74
75
75
75
75
60
74
75
68
75
75
75
74
76
67
76
75
75
74
75
75
75
69
63
75
74
74
76
74
66
73
73
72
73
74
73
73
73
72
59
72
73
73
73
73
72
66
73
73
66
73
74
70
72
72
73
73
50
73
73
73
54
73
73
73
73
73
70
73
73
73
74
73
73
73
73
69
72
73
73
72
73
73
73
72
73
74
73
73
73
73
72
74
72
73
70
73
58
72
73
73
65
73
73
72
62
73
73
73
73
61
66
73
67
72
73
72
73
72
73
73
73
73
73
74
94
74
73
73
55
70
75
75
76
59
75
54
73
75
74
75
70
65
75
74
75
75
56
76
75
74
74
53
75
75
74
75
76
75
72
74
75
74
74
73
72
75
74
76
63
72
75
75
74
74
74
74
53
74
75
73
74
53
68
72
70
62
75
74
75
74
73
75
70
56
75
73
73
64
73
73
72
73
73
73
72
73
73
73
73
66
73
72
72
72
73
73
52
73
73
73
72
73
114
73
70
62
68
73
73
73
73
64
73
73
73
73
73
73
67
73
72
73
73
73
70
72
68
73
73
73
73
73
73
72
73
73
73
72
73
74
73
64
73
73
73
71
73
73
72
73
100
73
73
62
73
74
73
73
74
73
69
74
73
73
64
73
73
69
73
73
66
65
73
73
73
73
54
69
72
73
72
72
73
73
73
69
73
71
73
69
72
74
73
73
72
72
73
71
73
73
72
73
72
72
72
73
59
73
72
73
73
73
66
72
72
73
73
73
73
72
69
52
69
74
54
73
73
73
73
73
73
73
72
73
72
74
72
72
73
54
74
74
57
73
72
72
72
73
73
73
73
73
73
73
73
73
73
74
