90
83
91
94
94
95
94
95
94
94
94
95
81
86
94
89
95
94
89
95
94
94
95
94
94
94
94
95
96
94
95
94
70
77
75
94
86
95
91
94
95
90
95
94
86
95
94
95
95
94
83
91
95
81
94
94
94
94
89
92
94
75
94
95
95
94
95
95
95
94
94
94
66
94
83
94
95
94
96
94
89
95
94
77
95
72
80
82
86
71
95
94
95
95
95
94
84
95
67
94
95
89
96
94
95
71
66
94
67
95
94
95
94
96
94
95
95
94
94
95
95
96
95
95
94
94
95
95
89
95
83
94
95
94
94
95
95
89
89
95
95
95
95
88
94
94
94
95
95
95
90
94
94
94
95
95
84
90
95
89
94
95
83
94
95
95
92
80
78
95
90
89
95
95
86
92
89
97
97
97
97
96
96
97
80
94
96
96
98
97
86
86
97
97
97
98
85
97
97
97
68
96
97
97
88
97
90
94
91
95
95
94
94
94
94
95
94
77
64
95
95
94
95
94
83
95
95
94
97
67
95
94
84
95
94
95
89
95
92
95
66
95
95
88
95
95
84
95
89
94
96
95
94
89
95
94
95
94
72
94
94
95
95
94
94
94
95
95
95
95
94
70
83
92
94
94
89
93
92
89
89
95
95
83
94
89
94
89
95
94
95
94
94
95
81
95
79
95
92
74
95
84
94
78
96
94
95
83
95
94
95
94
89
95
95
81
94
89
94
90
83
95
95
95
94
86
94
94
95
94
94
66
95
94
89
95
95
110
95
94
94
95
90
95
94
92
83
95
92
66
94
95
94
94
89
95
94
86
95
89
95
68
95
94
94
95
94
94
95
94
95
66
94
95
94
96
95
95
84
94
86
71
105
95
94
94
72
94
95
75
95
89
92
85
95
94
94
94
95
94
95
89
77
69
86
94
90
95
78
94
92
95
94
95
87
86
95
94
94
84
90
78
95
89
81
89
95
66
94
89
94
95
94
83
81
77
95
88
94
95
114
84
83
89
94
95
94
95
87
95
94
94
95
95
90
90
92
94
94
95
94
94
94
94
86
94
95
94
77
64
94
94
95
95
94
69
86
91
71
94
84
94
89
91
92
95
85
95
95
95
96
94
94
84
94
94
95
94
94
94
95
94
94
94
85
95
94
94
66
95
94
68
89
78
91
95
89
95
94
75
94
86
95
94
94
95
83
94
94
95
84
95
78
95
92
90
95
92
94
83
94
89
86
94
94
95
94
91
95
66
95
94
94
91
94
94
89
89
95
94
95
91
66
83
94
95
94
95
78
83
95
95
95
89
84
95
84
71
95
84
112
84
95
95
94
94
95
91
94
63
94
84
94
94
66
90
95
77
134
94
94
76
74
92
94
83
84
96
94
94
95
94
94
95
94
96
81
94
77
94
83
95
94
86
94
95
95
94
95
92
92
94
76
94
95
92
94
83
95
92
89
94
86
95
94
94
95
94
89
94
86
77
94
84
89
94
95
95
95
94
91
94
77
95
95
83
94
95
72
94
92
94
95
83
94
94
95
94
94
94
83
83
96
84
94
94
94
94
83
94
94
77
84
94
89
94
95
92
81
95
84
89
89
94
88
89
95
94
94
94
95
78
83
67
95
83
89
95
94
94
94
95
92
64
66
83
78
86
94
95
95
95
95
95
86
90
95
94
95
95
95
95
94
92
94
89
94
95
95
95
94
95
89
96
78
95
95
89
95
78
95
95
94
95
84
95
94
95
95
95
89
81
94
94
95
94
95
94
94
78
96
94
95
96
94
94
95
95
95
94
94
94
84
83
95
94
96
95
94
94
89
67
94
95
95
78
95
95
94
94
94
95
96
71
71
89
94
95
94
90
94
95
83
83
95
94
94
83
94
84
95
94
83
75
77
81
92
95
72
94
84
94
94
94
95
94
95
94
86
94
83
95
64
84
95
95
83
95
89
95
94
92
96
95
95
89
92
89
86
95
89
95
92
95
95
95
94
89
96
94
94
95
95
94
94
94
95
94
94
94
89
94
94
77
95
78
94
94
95
83
95
95
86
94
94
84
97
84
95
94
94
83
95
86
95
95
88
95
94
95
95
95
95
94
95
94
95
95
94
95
95
84
95
94
94
94
83
95
95
95
86
94
90
94
94
95
92
89
95
94
91
94
95
95
94
81
66
95
94
94
95
94
95
94
83
81
86
85
95
95
94
71
95
96
85
94
94
90
71
86
94
95
87
94
67
94
94
90
95
95
89
94
95
96
94
89
96
95
72
90
