120
120
121
108
120
105
120
116
121
120
101
100
113
121
109
121
121
121
110
122
121
120
109
121
122
108
120
122
120
120
121
105
114
120
121
122
121
120
120
120
107
120
98
120
120
120
120
120
122
120
120
120
121
108
84
121
121
118
121
121
120
101
121
121
120
121
121
122
121
115
121
95
120
120
101
111
120
121
121
120
121
121
121
120
120
121
122
120
120
120
120
121
114
120
120
120
95
121
87
109
110
120
100
121
121
120
119
120
100
121
86
114
120
111
121
121
101
120
121
114
121
121
114
107
120
120
115
121
114
121
121
121
121
111
120
107
120
85
120
121
121
120
120
120
120
121
107
121
121
120
100
101
121
114
121
120
120
120
120
120
121
120
120
120
98
120
120
120
120
116
121
121
100
120
120
114
114
120
120
121
121
120
121
120
121
120
121
120
120
120
120
120
120
113
108
116
120
120
109
121
120
121
114
120
121
120
120
121
114
121
121
120
121
114
121
108
120
120
116
99
120
121
137
113
121
120
114
120
108
120
120
121
121
84
120
120
108
121
114
113
120
120
101
121
120
121
121
107
120
121
114
117
120
121
121
121
120
121
113
104
114
120
121
101
120
114
165
122
102
113
114
121
121
121
121
122
114
121
117
114
120
121
122
121
121
121
120
121
105
121
102
122
121
120
120
121
102
120
121
108
107
107
114
120
121
107
114
122
121
121
113
120
121
87
120
120
121
93
121
120
121
108
101
85
120
120
115
95
121
121
120
121
120
111
120
101
119
121
88
121
121
120
121
121
120
115
121
120
120
120
121
108
117
120
120
111
120
120
114
121
121
120
153
148
146
146
146
141
141
140
126
142
138
117
111
118
124
125
116
124
111
125
124
125
123
114
110
123
123
123
123
123
124
117
117
111
123
124
124
124
123
123
124
123
86
123
123
124
120
123
123
112
117
117
124
123
117
89
124
84
96
117
110
120
111
123
118
116
117
116
123
125
114
114
121
120
121
121
115
115
114
121
120
93
123
120
118
121
110
121
122
121
120
121
121
121
120
121
121
105
105
120
120
121
85
121
120
121
120
120
105
94
120
120
121
108
114
121
120
107
121
122
120
114
121
87
121
108
101
121
113
120
94
113
108
121
120
120
120
121
121
176
166
123
122
108
128
121
121
86
120
120
116
120
193
167
164
120
125
124
123
124
124
123
125
123
121
124
123
124
124
123
118
123
121
124
124
124
116
123
125
111
125
111
123
124
123
124
96
112
123
124
117
110
124
123
124
123
124
123
124
124
117
124
124
124
124
123
119
124
124
246
123
118
124
124
121
121
86
120
109
121
120
114
112
173
153
114
114
122
120
114
120
114
114
120
120
121
121
121
120
108
121
124
116
123
117
123
123
153
123
111
156
106
123
90
124
124
123
89
117
114
102
117
90
123
124
117
111
117
125
102
101
123
124
124
123
123
123
123
117
97
123
123
124
103
118
125
120
118
123
123
123
123
117
114
123
124
106
124
123
123
123
120
125
110
114
124
123
124
123
123
123
117
124
91
123
124
124
124
84
123
124
123
123
118
123
110
123
86
123
117
112
123
125
124
113
123
124
124
124
110
124
124
124
108
123
110
117
117
119
124
118
117
99
124
124
124
124
124
124
96
112
123
87
109
124
117
124
125
98
96
123
123
117
97
125
96
123
124
123
124
124
108
123
124
104
123
124
124
123
123
124
124
117
97
90
123
126
125
121
124
124
124
124
117
124
124
124
124
124
116
123
125
91
124
117
124
106
124
99
110
124
123
152
124
123
118
125
124
125
123
120
123
123
90
123
124
87
123
110
124
124
123
123
100
124
123
123
123
123
124
116
123
123
123
111
111
124
113
124
110
124
124
110
123
123
123
123
124
124
118
117
114
125
123
121
125
87
90
120
120
114
121
120
104
88
120
121
107
121
121
101
121
114
108
120
121
108
120
113
141
114
121
154
115
94
128
124
123
117
126
123
123
103
124
114
124
113
124
118
124
125
124
96
123
123
123
124
124
124
124
123
124
121
124
96
124
86
87
123
123
122
125
126
126
124
125
124
125
124
116
124
124
111
124
116
108
123
117
124
123
123
86
125
124
124
123
124
123
124
124
103
123
123
86
123
124
124
124
124
124
123
105
123
124
123
124
97
88
123
121
121
121
120
112
121
120
120
114
121
121
120
111
87
121
100
121
101
121
105
120
124
114
121
120
107
120
144
122
124
124
124
124
123
124
123
124
123
124
97
125
123
123
118
104
128
124
110
124
