146
155
155
156
155
147
109
156
152
157
151
152
151
121
152
152
182
140
145
144
144
137
180
188
153
153
145
145
151
136
144
137
136
151
129
155
148
156
156
147
131
155
156
106
156
110
155
154
109
146
155
148
147
109
139
152
139
155
155
122
141
141
144
151
128
136
152
151
130
128
173
162
152
144
144
136
143
153
158
151
136
137
151
130
225
144
179
152
147
147
155
156
115
131
155
139
140
147
134
140
142
156
123
139
155
156
155
116
155
148
149
132
155
156
139
154
144
152
140
152
135
153
129
144
140
136
152
151
151
144
152
152
152
152
151
151
103
152
137
120
152
152
128
151
136
136
129
151
151
144
135
159
137
143
151
122
136
151
129
143
143
120
152
137
144
130
167
137
138
132
139
156
155
132
155
149
148
139
154
123
155
123
156
155
155
155
148
155
155
155
155
128
155
154
123
155
155
151
151
154
128
151
150
151
151
145
113
127
105
145
152
144
151
152
151
181
145
151
151
152
151
152
151
144
128
152
120
144
136
136
145
105
250
130
156
136
151
144
120
129
151
151
151
151
140
106
152
106
151
144
136
152
141
105
151
152
152
151
143
143
144
151
152
105
151
152
151
151
142
144
144
152
146
121
150
130
152
144
120
144
153
106
151
144
144
153
135
151
136
120
135
144
152
144
153
144
151
150
152
144
129
146
151
131
136
151
152
152
152
136
143
140
151
152
151
151
105
144
152
128
151
113
144
151
128
151
129
151
113
137
113
152
128
112
143
144
152
136
144
151
151
136
144
128
151
135
136
147
151
151
105
152
144
151
120
151
153
152
144
152
144
103
144
120
152
212
153
151
144
107
151
152
137
181
129
130
128
151
151
152
144
143
151
151
129
143
144
156
140
125
154
156
147
132
139
139
155
131
148
147
155
155
155
148
122
133
138
148
147
131
155
135
156
148
152
106
113
151
152
152
151
153
152
144
151
129
151
128
151
152
135
143
152
152
152
144
151
152
152
210
136
195
143
184
145
151
136
151
145
152
143
151
136
143
106
152
151
152
144
151
152
143
151
150
151
151
139
152
151
145
151
122
152
152
128
151
145
136
150
144
151
151
151
136
151
128
151
146
144
151
151
153
144
153
151
112
140
121
151
152
121
151
152
144
144
151
151
151
128
153
151
136
152
105
136
144
141
150
151
120
144
151
151
151
151
143
137
152
152
151
152
152
151
152
151
128
144
138
136
136
151
169
151
114
172
106
172
227
152
151
144
147
132
155
131
147
163
109
157
149
132
155
155
130
147
155
156
155
148
140
155
116
109
146
155
154
152
140
129
143
144
152
145
151
122
129
151
144
151
151
128
151
151
136
144
151
144
152
136
152
144
152
152
143
144
153
151
180
152
173
152
135
105
151
151
129
151
151
151
112
153
144
144
151
151
119
152
143
137
151
151
117
138
153
136
152
136
138
129
152
144
128
151
143
120
152
137
151
143
122
135
145
147
190
145
151
128
152
144
144
148
148
155
167
155
124
148
155
149
149
155
131
156
146
124
148
156
139
156
123
155
151
151
132
132
155
155
107
145
151
151
151
151
122
151
144
209
152
198
200
159
183
184
173
177
152
169
178
133
177
137
169
160
159
137
140
148
155
156
147
143
147
156
155
156
155
133
139
147
155
148
155
147
147
124
148
108
155
155
148
155
156
155
154
148
155
156
155
139
155
154
105
137
156
156
140
155
119
140
154
155
140
147
110
140
155
155
155
134
124
125
156
156
155
156
155
139
154
109
131
148
139
156
132
156
154
147
140
155
132
149
157
156
155
148
148
148
155
140
147
156
155
147
147
155
115
141
147
156
148
155
123
157
137
128
128
143
129
151
106
113
151
136
151
143
144
181
129
137
151
152
144
151
135
145
153
130
216
156
156
133
155
155
123
155
147
148
155
155
155
148
149
155
154
155
155
147
155
147
156
155
160
155
140
156
140
155
156
138
140
108
133
155
157
155
149
139
147
148
148
145
148
155
156
155
155
123
155
147
155
147
155
155
144
151
151
128
152
151
151
121
153
154
151
144
151
152
151
159
155
143
128
152
152
146
152
151
153
151
151
155
131
155
154
139
155
155
132
139
139
176
132
155
156
156
150
147
109
148
155
154
139
132
155
156
155
147
138
151
151
153
151
152
151
151
151
143
136
151
152
152
151
152
190
137
179
151
152
151
154
151
150
144
151
144
128
137
144
120
151
136
151
151
137
136
151
151
151
143
150
144
129
120
151
120
151
177
128
152
152
