186
152
165
189
186
186
169
181
169
186
134
187
169
169
220
134
187
187
156
186
186
186
169
187
228
247
176
192
191
173
182
188
191
191
192
191
191
192
191
138
191
156
191
185
182
192
192
192
191
165
190
190
191
173
174
191
184
192
192
146
183
192
182
182
191
196
171
178
191
192
193
184
178
164
174
191
191
171
169
186
222
187
186
186
188
186
134
186
187
170
178
188
183
178
186
231
166
186
186
186
170
169
160
186
133
160
160
186
187
186
186
178
168
160
178
187
186
188
169
170
131
180
189
175
171
179
184
188
186
187
169
178
178
186
186
186
187
199
185
187
169
186
187
214
148
185
178
179
188
170
187
187
192
192
174
183
182
192
190
191
191
183
193
192
184
175
173
182
192
192
191
190
191
173
164
173
191
187
186
177
187
186
178
178
144
186
187
169
178
169
175
170
170
186
218
186
187
187
217
178
189
178
178
178
186
187
189
153
178
178
178
187
224
178
187
187
188
153
187
238
187
187
168
152
189
135
164
191
182
165
191
190
167
183
191
192
145
160
190
166
179
191
164
191
191
192
138
192
175
180
192
194
186
186
186
178
186
179
186
186
187
188
186
169
214
212
187
187
178
178
178
143
148
151
186
177
178
161
170
187
143
186
171
169
169
187
186
179
170
188
179
188
186
186
187
169
178
211
187
187
186
187
152
187
131
160
187
186
178
142
187
187
178
187
186
169
161
188
186
186
169
169
179
186
161
153
187
178
172
169
170
187
187
187
187
188
187
169
187
175
187
153
170
188
180
187
163
187
187
186
186
178
186
178
150
169
187
162
178
188
186
144
186
187
186
186
186
186
168
152
178
187
174
178
170
186
169
186
170
165
186
188
146
132
187
188
216
169
169
170
186
187
178
186
186
186
173
186
187
187
186
186
151
187
187
187
187
186
151
160
178
177
169
150
187
187
134
186
186
199
178
187
187
170
187
187
178
153
220
187
187
161
178
187
183
169
186
171
187
179
187
180
178
170
169
177
186
157
186
131
186
187
178
187
206
133
145
179
150
197
132
191
179
188
187
178
188
158
187
169
187
187
187
187
169
186
161
192
183
241
141
186
135
148
190
164
191
191
178
182
183
192
193
183
181
191
192
182
153
155
155
183
191
173
191
183
165
183
191
192
193
148
193
186
183
136
191
182
191
191
192
191
181
191
193
178
191
192
156
191
184
174
131
192
192
191
176
193
174
174
192
191
192
173
191
191
183
191
177
175
191
191
182
191
146
191
183
192
192
174
197
182
174
191
135
193
192
191
191
164
179
191
191
191
192
191
182
173
187
160
186
186
186
186
161
207
179
188
187
170
184
161
186
180
186
187
179
186
187
161
162
178
170
174
190
191
191
192
191
191
182
191
192
191
174
183
182
156
184
191
183
191
182
159
164
147
183
190
191
186
186
174
186
169
186
186
178
186
211
178
132
186
180
170
186
178
186
187
168
186
152
187
180
178
186
135
187
187
187
187
186
188
178
187
169
178
178
186
182
180
178
169
186
177
186
186
170
143
187
131
186
186
160
186
186
186
186
170
188
187
187
169
187
187
171
143
186
178
170
187
186
168
187
186
186
169
186
186
187
186
187
178
180
178
186
187
182
186
170
160
186
186
178
176
186
178
153
186
179
130
186
160
187
186
143
186
174
186
177
170
188
172
188
186
169
171
150
168
152
186
169
160
177
170
177
169
187
186
188
186
158
187
187
186
151
177
225
178
133
186
169
151
163
178
187
186
127
187
177
204
169
187
187
188
298
163
187
171
171
169
187
179
265
187
187
161
132
186
179
187
179
188
248
188
162
173
192
190
182
192
182
175
156
170
192
191
173
183
191
191
165
191
182
146
191
173
191
191
191
174
174
177
152
178
179
174
169
186
132
163
161
188
154
196
179
138
178
186
168
169
169
169
188
178
178
186
152
187
186
186
187
187
186
177
179
186
186
186
152
217
186
187
161
186
187
180
178
160
178
159
169
161
186
188
186
185
169
161
186
178
187
161
187
186
151
178
187
187
178
178
183
187
178
187
187
178
187
212
156
178
179
178
179
143
170
152
186
168
177
188
170
167
187
159
170
187
247
224
232
225
185
226
197
225
189
209
221
188
220
196
157
183
126
266
183
286
210
324
304
338
316
341
193
197
218
213
193
183
183
199
182
137
192
191
191
191
191
191
187
178
170
187
178
151
169
133
186
187
169
186
215
179
169
186
186
170
178
177
161
188
179
136
160
152
169
177
187
177
169
187
