252
251
254
250
243
252
245
251
250
254
246
251
251
243
243
237
251
251
252
252
250
252
244
227
244
250
251
252
251
251
251
251
213
252
251
250
251
252
273
245
250
252
242
240
231
236
251
236
244
250
251
253
245
285
251
214
251
253
231
251
251
250
258
224
252
259
249
250
258
257
234
258
228
258
260
258
259
251
258
257
257
261
236
212
226
245
243
252
238
292
246
229
236
251
244
251
255
245
250
251
220
252
251
251
252
250
251
253
251
250
251
250
250
252
236
251
236
251
250
213
361
253
251
199
250
252
242
251
228
244
251
252
252
252
250
244
251
243
223
251
292
287
252
314
252
251
244
236
250
251
243
221
228
233
236
264
257
256
258
243
241
258
247
257
250
250
235
251
257
259
258
245
257
257
256
257
253
282
250
237
250
251
229
286
281
244
303
243
214
253
251
251
251
250
252
250
252
244
221
251
250
274
257
257
258
216
243
252
249
218
256
243
258
249
258
249
257
250
251
258
249
257
242
242
258
246
243
250
236
243
244
243
351
283
267
252
228
251
252
251
214
235
245
315
260
284
258
239
280
293
265
296
257
220
212
259
243
211
207
258
244
249
258
256
242
257
242
287
219
251
287
257
264
264
258
258
257
252
219
265
286
289
301
261
257
247
257
257
257
250
229
258
253
214
244
237
200
236
280
253
253
251
254
251
251
251
243
252
236
251
252
213
251
267
252
253
222
200
236
237
252
251
199
251
243
251
252
243
243
230
237
251
245
238
251
243
251
235
250
243
250
250
236
245
252
237
252
251
252
253
252
251
252
249
252
251
252
250
213
251
252
251
252
252
237
219
251
251
253
251
251
250
230
252
252
251
237
236
223
251
221
250
250
243
253
252
252
251
251
251
228
206
199
243
251
251
251
263
251
245
250
287
236
242
256
251
244
244
195
298
236
237
246
245
216
195
244
245
238
244
245
246
246
246
246
237
247
234
210
258
251
252
251
251
252
251
243
252
253
251
251
243
236
250
252
248
251
243
244
251
244
254
244
251
221
250
251
251
250
250
243
242
250
243
251
222
229
247
251
250
250
252
242
250
243
237
251
250
250
252
252
251
272
214
251
221
251
253
251
251
250
250
252
251
251
250
251
251
245
253
243
250
250
243
237
243
251
252
251
237
251
250
251
251
251
250
244
251
228
251
265
252
253
252
236
249
250
208
252
252
251
235
312
257
413
332
323
289
295
294
296
297
261
295
278
294
294
295
233
260
258
230
258
257
260
243
258
258
250
244
258
258
253
242
258
258
258
258
259
257
259
249
250
250
257
219
212
241
258
257
257
256
257
234
244
228
251
199
250
252
253
250
243
251
250
267
251
354
237
244
253
236
243
243
219
251
245
241
235
257
234
249
259
250
257
257
257
258
242
249
249
257
257
336
257
249
251
258
258
256
234
199
266
251
273
251
251
253
251
252
251
253
229
237
224
252
229
251
251
237
243
236
252
252
252
252
252
285
244
229
250
245
252
253
253
250
251
250
245
239
243
244
245
236
208
287
264
251
251
251
228
253
252
253
252
257
231
258
261
252
244
251
252
215
251
330
253
243
244
257
256
257
258
258
263
261
257
252
242
246
249
256
256
250
245
250
259
256
250
259
258
258
226
251
251
252
227
236
248
250
253
220
250
243
250
251
252
253
250
251
251
244
251
250
251
243
243
250
249
251
251
238
237
251
245
198
251
251
224
251
251
251
244
252
229
225
287
245
252
313
244
272
252
244
230
250
221
247
251
251
248
247
251
244
229
243
237
251
274
252
251
250
250
236
258
257
257
256
220
257
242
244
257
257
219
251
226
234
258
257
257
258
250
249
249
244
251
236
244
252
251
252
225
246
214
250
220
236
229
221
251
250
200
251
243
236
221
245
231
250
229
251
240
251
250
251
237
252
251
252
251
243
252
256
221
250
240
236
252
243
228
230
243
236
252
253
251
244
201
252
252
283
251
229
251
252
284
252
244
252
251
239
229
230
251
237
252
244
236
247
221
250
251
252
251
252
250
236
245
237
244
240
222
251
252
251
252
250
244
234
250
213
250
243
240
251
251
253
251
252
244
229
244
252
251
236
251
213
251
251
251
251
214
236
244
251
221
289
281
251
236
251
251
290
243
252
252
250
251
229
253
251
251
252
238
252
252
236
236
246
252
250
250
236
221
237
250
251
236
251
230
199
357
251
236
251
251
249
252
251
253
251
244
250
252
197
252
277
229
221
251
251
253
251
242
253
242
244
238
251
