298
305
263
302
283
303
245
292
302
311
282
295
295
310
311
311
294
313
271
264
311
294
302
302
295
303
303
304
331
268
304
302
304
305
304
449
386
368
378
368
366
356
317
345
339
273
624
401
346
293
310
302
293
311
291
311
293
314
311
276
301
303
304
304
303
304
295
373
305
288
286
303
286
304
294
303
285
351
304
277
237
303
305
303
269
303
296
303
267
286
306
297
286
359
335
303
295
294
257
276
294
303
311
292
293
284
311
311
292
301
292
304
313
292
292
302
312
311
274
310
310
298
272
301
305
293
304
291
303
290
277
275
305
297
304
285
303
303
303
330
285
303
319
304
239
303
303
302
294
304
275
295
276
303
323
304
304
294
303
303
293
367
284
304
295
304
374
303
303
303
258
285
305
320
303
303
376
304
319
286
306
302
305
295
303
276
285
336
312
293
314
274
294
282
292
292
313
302
312
283
311
302
311
301
283
283
313
310
310
311
295
304
303
285
294
303
294
303
304
303
277
303
303
303
276
285
303
285
445
304
278
303
296
294
304
258
303
302
303
294
257
304
236
267
303
285
294
305
296
293
336
303
276
312
276
312
245
303
312
311
295
311
313
311
292
302
311
302
263
312
311
294
304
320
313
292
303
283
310
283
313
293
304
312
313
310
311
273
263
285
301
283
310
310
311
302
299
300
392
295
306
295
319
349
285
292
304
305
296
304
306
330
305
295
294
303
379
355
358
346
355
348
325
311
301
310
311
311
311
292
312
241
311
310
302
311
293
310
312
301
311
283
295
311
272
241
314
301
302
298
278
276
265
282
296
304
303
258
302
275
303
286
257
303
285
303
295
303
293
295
295
294
344
304
406
312
305
302
294
274
311
312
301
293
293
312
310
311
301
310
311
314
274
273
283
292
272
285
285
236
303
304
302
284
303
305
358
250
306
306
235
285
303
303
310
366
411
311
311
303
261
290
310
311
275
283
254
311
312
311
282
312
302
311
311
241
287
311
311
305
303
285
303
294
286
304
284
301
303
258
303
294
294
303
267
304
276
303
286
301
341
294
295
291
303
304
304
238
296
296
287
294
303
285
303
303
304
267
285
333
275
304
346
304
295
295
290
303
294
304
373
341
320
295
303
266
285
306
304
303
276
287
303
287
292
303
303
304
304
251
297
294
303
303
304
295
257
277
303
304
303
303
294
303
302
332
295
312
283
311
273
292
299
311
263
273
312
292
302
311
287
293
301
312
311
291
311
310
294
304
302
268
267
284
303
299
238
258
285
294
303
305
303
303
240
303
284
268
292
276
292
302
275
303
304
312
236
294
303
294
303
303
295
303
259
303
304
303
293
285
303
304
303
303
356
285
294
286
303
303
410
295
288
304
305
347
304
305
303
380
285
285
304
311
301
303
311
302
246
311
313
244
335
312
312
301
294
303
312
291
311
312
311
311
311
301
311
283
282
311
302
264
294
244
301
310
310
294
301
310
312
311
311
241
311
301
303
276
303
294
304
374
298
303
277
303
303
302
303
266
304
303
303
344
294
304
304
303
284
294
303
284
303
294
304
302
303
303
302
295
295
277
303
303
294
276
304
303
239
295
303
266
304
318
303
285
304
302
303
303
304
303
330
304
303
277
302
304
303
303
303
285
305
294
293
298
304
303
276
302
295
285
295
346
325
303
294
287
325
304
297
303
303
304
304
295
276
285
304
302
285
304
303
304
303
303
304
332
303
352
304
304
303
285
305
303
305
303
304
303
295
303
325
294
303
257
304
303
294
304
277
304
285
304
299
303
302
316
302
294
306
303
295
285
268
304
304
295
293
304
277
304
275
303
296
294
278
295
287
304
286
282
305
304
303
276
295
303
303
285
293
303
304
304
304
267
303
304
304
294
256
341
375
294
303
288
304
235
304
266
304
303
295
304
303
294
267
294
303
302
364
342
306
303
327
401
346
296
310
306
293
311
311
302
310
274
306
311
283
302
254
312
312
312
302
263
285
295
304
303
303
303
303
304
295
294
304
285
263
285
303
304
305
411
250
334
301
301
312
311
311
311
253
308
312
301
311
264
304
312
303
311
312
301
301
303
301
302
248
284
304
285
303
295
303
304
303
302
275
303
394
303
235
303
305
369
304
303
276
308
304
303
304
300
303
304
276
303
304
294
303
304
294
235
295
304
336
276
304
294
304
304
293
304
295
276
294
304
304
404
294
304
294
303
303
303
267
305
290
303
304
304
294
266
295
295
303
303
300
286
287
277
272
303
303
296
303
304
299
303
