359
489
355
332
365
312
365
365
365
365
367
347
365
365
364
368
366
354
361
345
366
367
365
365
365
356
337
347
356
354
358
357
356
385
328
296
357
357
347
358
358
359
357
357
337
297
358
357
358
485
351
337
355
356
336
347
358
357
355
358
356
356
344
358
312
355
357
357
358
348
357
356
357
356
356
349
348
358
355
280
356
357
316
358
357
356
356
358
357
356
346
357
356
356
356
357
346
357
347
356
357
297
347
358
358
306
278
286
336
376
355
328
356
354
355
346
357
327
355
359
338
359
355
337
349
357
339
355
427
358
356
359
357
356
359
348
357
357
356
358
357
358
387
356
358
357
359
357
355
355
356
358
341
357
358
356
356
357
355
359
327
357
345
357
358
346
358
348
356
359
359
357
356
349
347
356
359
346
338
350
355
337
338
317
356
338
357
356
356
307
357
356
336
355
382
357
356
356
327
347
358
355
347
347
348
338
356
356
358
355
359
343
357
356
356
357
357
348
318
357
353
348
357
347
338
357
336
355
307
358
355
349
356
358
358
348
392
357
357
355
356
354
317
357
320
341
357
357
359
355
347
317
357
350
360
447
357
358
356
278
337
357
355
355
356
357
336
357
355
357
356
356
356
356
346
357
347
346
359
360
357
355
339
358
356
356
356
308
358
328
357
358
358
351
348
355
357
357
407
605
358
386
317
359
350
356
357
359
356
347
309
359
355
356
358
356
358
354
357
338
358
358
355
355
356
319
337
357
347
355
357
356
337
358
339
356
328
359
506
356
357
358
356
352
347
360
349
357
335
365
346
368
355
364
366
366
356
366
367
367
365
284
366
366
356
344
364
366
356
358
358
296
357
347
358
356
358
346
356
337
358
347
316
356
335
355
345
357
347
357
317
356
356
358
350
357
331
356
356
357
358
357
347
356
339
382
415
521
357
325
336
365
345
366
368
358
337
366
366
360
305
325
366
346
315
368
366
365
365
356
327
356
358
358
338
279
357
339
359
355
287
337
407
329
296
326
359
337
346
356
357
337
338
337
357
337
356
356
337
357
358
357
356
416
358
356
356
357
357
364
364
365
367
367
368
366
345
350
368
335
365
366
366
368
364
364
366
359
357
317
338
356
328
348
358
346
345
315
436
358
356
358
412
368
396
595
382
348
299
365
367
357
368
348
407
368
367
368
355
365
365
337
367
365
335
365
366
365
368
364
364
364
334
365
356
365
354
365
355
368
347
356
366
366
366
326
368
369
357
358
337
383
357
358
356
357
363
342
356
357
355
315
393
356
356
356
340
357
274
356
346
374
358
346
357
356
346
338
357
356
357
356
342
356
352
397
357
357
359
349
354
307
352
355
358
355
346
356
355
357
356
347
345
356
348
357
356
348
354
359
355
328
358
356
356
356
359
358
470
356
347
288
356
355
358
359
337
356
470
353
366
363
366
368
367
356
367
367
367
304
367
365
355
365
365
366
365
345
365
326
347
359
355
349
359
357
346
360
358
357
326
357
357
357
347
336
336
358
359
358
316
395
358
357
355
353
356
359
358
352
428
394
358
357
358
358
358
358
384
338
348
360
324
357
356
336
356
318
359
357
357
356
338
358
355
357
358
298
360
357
357
330
356
357
356
348
297
356
325
326
356
356
278
356
348
357
337
358
357
336
337
530
354
357
359
339
374
438
359
357
356
356
338
357
360
357
359
327
337
338
357
368
371
346
365
305
366
368
367
364
365
364
294
371
366
347
346
352
365
368
355
357
337
338
356
358
356
347
329
382
358
358
356
356
326
357
356
421
354
348
358
471
358
357
356
357
348
388
321
367
329
347
406
364
366
357
450
347
344
364
344
366
364
336
323
345
366
367
336
367
366
366
364
364
367
316
365
355
370
337
355
356
339
357
357
347
356
278
358
358
356
356
355
356
337
356
357
357
358
327
422
357
357
349
348
358
318
457
358
337
318
357
337
345
359
356
359
360
346
356
366
356
363
347
365
364
373
365
336
346
346
337
367
346
356
352
355
366
366
365
347
356
355
357
358
357
348
338
356
356
575
476
445
431
402
364
471
417
352
397
355
356
348
316
356
338
357
343
358
356
358
355
357
346
327
341
356
358
357
368
337
356
345
348
357
355
357
326
356
357
355
391
354
350
306
348
359
355
357
347
357
356
360
356
356
356
356
356
357
356
391
342
358
355
356
357
356
358
327
357
355
347
346
318
358
352
357
356
318
357
358
357
357
348
357
356
359
357
337
358
356
337
307
400
358
358
359
357
350
336
