411
422
411
364
410
422
467
461
443
475
423
585
422
341
367
421
423
420
424
412
422
411
431
432
432
431
419
432
479
433
419
432
430
421
433
431
432
429
421
432
425
394
421
422
421
421
423
422
389
423
400
422
424
423
394
422
411
422
422
423
422
409
421
410
376
398
422
386
420
387
421
410
364
423
421
386
422
410
422
423
402
408
405
409
422
423
425
382
402
422
410
422
422
428
411
327
410
431
421
432
432
433
432
334
421
432
432
433
420
433
433
433
433
420
350
432
412
410
411
411
412
408
334
412
399
412
412
367
388
420
400
411
412
402
411
378
412
412
411
444
436
452
483
412
411
400
400
443
411
415
379
388
418
414
421
410
409
421
421
422
423
364
409
410
421
421
421
422
396
424
401
478
439
431
421
387
420
421
399
422
400
422
421
363
387
421
422
420
379
422
422
410
432
422
431
430
432
432
432
408
420
421
410
409
432
420
420
431
432
432
422
422
421
424
408
352
399
422
410
422
399
421
375
410
410
411
422
422
423
421
386
389
425
412
408
353
423
421
422
422
536
601
469
469
472
471
433
432
431
420
432
397
410
422
432
432
420
409
437
432
409
409
405
433
415
421
422
414
422
420
399
399
422
387
422
421
398
423
412
420
422
422
413
421
421
422
410
421
420
421
421
353
421
420
422
420
421
421
421
422
330
421
398
420
389
410
412
411
412
423
411
322
411
412
411
575
380
442
414
395
535
371
432
433
420
402
420
410
431
432
402
432
409
432
433
385
420
432
431
432
420
409
421
423
421
422
421
422
389
423
420
364
421
421
409
410
416
411
421
409
397
421
398
421
422
396
409
421
421
422
410
421
399
422
419
422
421
420
422
420
410
325
398
412
422
409
409
421
425
421
421
410
421
410
421
409
367
399
424
431
431
396
527
468
382
433
423
419
409
427
421
432
432
409
443
421
420
410
410
422
421
421
421
422
422
422
421
399
375
399
410
421
421
421
421
422
421
399
410
422
421
422
422
422
423
422
375
423
421
421
398
386
420
387
387
431
411
400
365
400
411
414
434
390
390
378
411
389
412
343
354
377
391
413
390
420
400
410
376
422
420
421
559
480
423
399
409
421
410
398
421
413
422
374
421
399
389
420
421
470
422
422
422
422
422
421
421
424
421
410
399
463
494
493
480
422
422
422
359
422
422
802
430
467
443
422
411
422
421
423
377
423
421
420
422
392
410
447
384
427
425
423
422
424
422
410
422
400
422
414
422
399
400
422
447
402
449
422
399
412
421
452
410
416
420
421
411
424
421
411
410
421
401
421
420
410
458
422
422
376
422
422
421
352
410
411
455
421
422
421
421
387
411
421
376
399
422
387
365
423
421
411
411
423
410
376
422
420
421
421
424
362
422
422
398
387
410
410
389
398
420
423
410
421
419
398
421
377
423
418
500
418
425
422
421
398
514
422
377
410
402
421
410
378
398
398
409
410
398
409
397
387
399
421
421
422
420
421
421
421
422
424
423
570
542
480
354
422
410
328
411
376
422
423
376
398
423
422
407
423
423
339
342
375
390
422
422
422
421
422
421
364
399
422
422
398
410
423
419
399
411
398
422
421
375
437
421
324
422
388
411
421
422
422
457
422
412
423
387
399
387
409
421
410
422
398
422
381
421
365
422
421
421
388
376
421
405
409
422
421
387
422
399
421
408
421
446
425
412
387
428
421
422
421
382
412
422
422
400
410
418
421
421
424
422
422
411
411
422
386
422
387
559
493
466
454
398
411
423
421
410
396
412
386
410
421
420
413
401
421
422
375
422
421
422
410
420
422
422
422
410
410
420
424
422
362
421
421
421
423
421
421
398
422
398
387
486
410
411
421
420
422
409
420
399
454
421
434
422
398
446
421
411
421
399
423
342
421
410
421
409
421
421
421
398
422
421
411
422
399
416
416
371
422
424
351
320
377
410
421
400
422
324
422
445
389
422
422
422
456
423
427
422
421
423
422
422
420
410
421
422
421
421
399
329
423
421
421
424
423
421
422
399
422
421
422
422
421
407
386
421
421
411
411
399
399
420
421
402
423
421
421
398
422
376
409
422
421
421
422
387
387
387
422
332
412
387
411
411
412
411
369
412
367
412
412
389
412
411
410
412
411
343
414
378
399
412
411
379
410
411
694
556
412
444
412
389
412
411
412
412
344
432
409
432
431
432
431
431
406
431
431
407
421
432
421
433
432
420
432
432
422
421
422
422
422
422
394
421
387
399
411
330
422
411
451
422
400
420
422
