417
490
489
492
462
489
462
457
491
476
486
476
465
489
450
487
587
541
508
490
490
490
492
686
463
465
464
477
464
445
478
489
517
489
463
487
474
463
487
499
474
475
505
488
467
488
488
487
502
482
447
504
502
489
437
490
477
462
489
475
512
496
373
496
463
478
491
489
492
463
475
450
475
438
463
492
676
485
477
388
467
489
489
491
521
534
491
463
489
502
476
447
463
447
477
475
489
488
476
501
485
504
487
501
484
491
526
477
463
478
479
488
492
489
413
489
476
476
490
409
492
490
410
395
463
476
489
435
463
490
437
463
489
479
410
488
464
490
464
450
476
481
465
480
480
466
482
478
477
464
477
465
464
413
480
452
477
597
465
478
475
476
463
491
490
490
477
466
490
451
466
496
490
476
516
406
490
477
501
501
472
488
501
501
502
503
433
503
474
488
487
487
455
501
402
463
476
463
490
464
449
465
452
488
410
490
451
489
492
489
492
528
386
476
476
397
474
491
412
449
438
489
450
476
474
489
465
488
476
480
488
490
491
476
450
437
489
491
489
455
528
491
463
476
471
477
492
464
494
489
489
463
443
464
492
514
489
491
489
463
477
477
489
491
463
491
476
422
464
476
476
475
450
489
450
489
489
463
476
489
477
449
489
477
436
439
451
477
439
480
465
478
518
438
479
465
478
464
465
478
497
478
463
489
491
489
489
474
492
478
483
488
489
489
463
489
485
483
467
489
489
490
476
464
561
412
489
443
463
492
477
477
489
487
476
490
476
463
489
473
490
490
490
490
463
410
437
490
483
385
450
475
489
463
473
463
489
386
476
436
477
476
489
490
491
476
476
488
489
396
492
478
490
489
438
464
377
478
458
465
476
439
477
466
464
447
467
477
480
478
479
477
464
478
476
476
463
489
459
492
463
489
476
410
490
479
477
488
473
449
489
488
464
477
463
466
498
478
414
465
466
453
477
477
465
465
559
413
466
462
531
482
479
444
423
490
478
491
487
478
489
477
476
477
475
424
492
476
489
490
489
490
490
462
476
490
476
463
489
463
490
477
490
476
450
435
463
489
489
489
463
465
486
450
449
490
487
437
492
446
492
478
464
491
477
455
489
449
489
450
493
490
490
489
444
449
450
476
478
488
489
476
488
490
508
423
463
446
476
436
489
476
488
491
483
477
477
477
449
490
476
476
516
490
491
483
476
477
464
489
489
491
463
489
450
493
478
450
491
489
489
478
489
489
477
489
492
489
486
449
463
525
459
477
490
492
489
449
489
479
489
563
463
492
488
490
489
486
462
372
463
490
477
476
490
489
488
489
457
492
502
436
397
451
492
423
489
527
489
464
489
476
490
476
490
491
477
450
434
460
464
477
477
484
490
787
545
578
523
558
558
543
489
491
489
486
477
476
431
482
489
463
490
489
513
489
569
450
494
492
475
477
564
463
489
476
476
476
489
462
476
553
638
490
484
551
490
476
489
489
476
521
490
476
489
492
463
489
476
489
493
422
490
465
527
478
491
437
490
492
423
452
472
471
465
478
465
477
474
465
481
477
478
467
464
465
539
522
641
492
468
488
451
489
490
452
489
469
464
470
491
492
489
477
539
490
476
495
475
463
463
462
464
476
489
457
486
491
509
490
515
528
476
464
493
490
462
450
491
476
476
491
436
490
422
489
489
491
476
489
489
489
691
492
508
476
476
490
463
524
476
489
476
489
437
453
450
465
491
491
501
494
460
494
489
488
395
501
501
487
488
492
474
447
474
502
435
452
491
528
477
489
477
514
476
492
490
436
490
489
476
477
490
488
476
477
511
477
476
476
475
450
438
580
512
476
508
476
476
592
601
477
475
493
475
487
505
474
473
501
488
463
502
477
490
485
496
474
489
462
489
437
489
507
504
449
488
493
398
490
490
489
483
458
490
477
502
502
475
502
474
501
485
476
501
488
489
502
490
489
502
497
502
488
502
501
461
501
504
502
502
448
503
473
505
502
476
489
467
491
503
488
488
488
489
502
488
488
474
739
550
502
461
447
488
447
436
476
513
537
466
538
490
633
605
438
465
476
475
492
559
465
477
453
455
502
487
474
475
487
425
476
474
503
488
475
474
501
489
504
502
487
490
490
489
490
489
463
569
477
450
544
558
488
489
437
492
535
477
460
471
486
488
488
493
431
477
492
502
490
505
503
489
503
490
484
502
505
471
494
501
475
435
446
463
475
501
501
479
421
480
475
497
502
467
492
551
464
464
476
492
580
453
476
477
504
490
484
491
489
