237
241
232
231
260
398
232
232
234
233
233
233
412
232
232
233
233
233
234
238
238
237
238
237
237
238
238
237
240
238
240
237
237
238
238
238
238
238
245
237
238
358
321
238
238
238
238
238
240
238
237
238
237
237
238
237
238
238
238
238
238
239
240
238
237
238
237
239
237
237
237
237
232
232
231
233
293
340
233
234
232
232
232
232
233
233
232
232
232
234
238
238
240
238
281
237
238
239
237
239
238
240
238
238
238
238
237
237
238
237
238
237
240
239
238
238
238
238
238
238
240
238
238
237
237
237
239
238
238
237
345
239
240
238
238
237
238
238
237
237
238
236
238
239
239
237
238
236
238
238
238
238
237
237
238
237
239
237
240
239
237
239
284
239
238
238
238
238
287
239
238
237
237
237
238
237
239
239
232
232
232
354
313
234
233
232
232
234
233
233
234
418
232
233
233
247
238
238
238
238
239
237
238
237
237
316
245
241
237
238
238
240
239
232
232
232
232
233
232
233
233
232
232
231
231
231
233
233
232
232
233
237
239
238
238
237
238
237
237
237
238
238
237
237
238
238
237
261
315
237
238
233
233
234
234
232
232
231
232
232
231
233
233
231
234
233
237
238
238
239
238
239
237
238
238
237
238
238
237
238
237
237
237
240
237
238
237
238
238
241
239
238
238
237
237
237
238
238
300
322
238
238
238
305
243
240
238
237
238
238
237
237
238
238
238
237
236
238
238
238
238
237
238
238
237
238
237
237
238
238
237
237
239
238
237
239
239
237
239
239
237
237
237
238
238
237
239
239
238
237
239
238
237
239
298
237
237
238
238
238
238
238
238
238
237
238
238
237
238
238
240
237
238
240
237
243
238
238
238
238
237
238
238
238
239
239
237
237
238
238
238
369
238
428
239
239
237
284
237
237
238
238
238
237
238
238
239
238
237
239
238
237
238
237
238
237
237
238
237
237
239
238
239
237
237
231
233
232
233
233
233
233
233
232
232
233
234
234
232
231
232
232
232
239
287
238
238
239
240
238
243
239
238
378
238
238
238
238
238
238
243
244
244
244
244
244
242
243
243
245
245
244
245
244
244
247
245
239
238
237
242
238
239
238
241
239
238
238
239
238
237
238
239
237
240
238
237
238
237
238
238
238
237
237
238
238
237
237
237
239
237
237
237
233
232
232
233
233
234
234
233
232
232
232
275
307
233
232
232
231
237
237
276
238
237
238
239
239
238
237
239
238
238
241
243
239
238
238
237
238
238
238
239
237
240
238
237
344
270
243
237
242
238
238
237
239
238
237
237
241
238
237
238
238
240
237
239
238
238
238
238
237
236
238
237
237
237
240
238
237
238
237
238
238
296
238
238
238
238
239
241
237
311
238
238
238
239
238
281
239
238
238
238
239
238
238
237
238
233
234
233
232
232
234
232
232
234
232
232
232
232
233
232
295
232
232
237
238
238
237
237
241
238
237
239
237
237
238
237
238
238
238
238
239
241
238
237
237
236
237
238
238
238
239
240
238
238
237
239
238
238
237
238
237
238
238
238
238
237
237
236
237
239
238
238
238
239
306
238
348
232
233
233
232
232
233
237
243
233
232
231
233
232
233
234
232
239
237
238
239
237
241
237
238
238
239
237
289
238
238
238
238
238
239
237
238
238
297
238
238
239
238
238
238
238
237
237
237
238
240
237
238
304
237
239
238
237
237
238
237
238
238
237
239
237
238
238
238
237
239
238
338
237
237
241
237
238
280
238
237
282
237
237
239
238
237
237
233
234
264
232
232
233
234
233
232
232
231
232
231
232
232
234
232
233
233
231
232
480
233
238
233
232
232
290
233
233
307
233
233
235
235
234
238
239
237
239
259
238
287
239
238
238
237
237
239
237
237
238
238
237
237
253
238
238
237
237
236
238
237
237
239
238
238
238
238
237
238
232
232
232
232
232
233
232
236
231
232
339
233
232
234
232
232
232
232
239
238
236
239
238
237
237
307
327
238
237
237
237
237
238
239
238
238
238
283
237
238
238
239
238
241
238
237
284
238
240
237
274
250
244
246
245
243
242
243
245
270
243
243
246
245
243
244
243
245
243
243
237
237
238
238
238
237
239
237
238
305
268
237
237
239
238
238
238
237
238
238
237
238
237
279
239
238
238
238
238
238
238
238
322
290
244
245
244
244
244
247
245
246
243
243
244
244
243
243
301
244
246
237
238
237
238
239
237
238
249
239
238
238
238
238
238
238
240
237
238
238
302
238
237
329
238
347
245
239
238
238
238
242
