21
21
21
22
21
21
22
21
22
22
22
21
21
22
22
21
21
22
22
21
22
21
22
22
21
21
22
22
21
21
21
21
22
21
21
22
21
22
22
22
21
50
22
22
21
22
22
21
21
21
21
21
21
21
21
21
21
21
23
21
21
21
21
21
22
22
21
22
21
21
22
21
21
21
22
21
22
21
21
21
21
22
21
22
21
21
21
21
21
21
21
22
21
22
21
21
22
22
21
21
22
21
22
21
21
21
21
22
21
22
22
22
38
22
22
22
22
21
22
21
21
21
21
21
21
22
22
21
21
22
36
22
22
21
21
22
21
23
58
22
22
22
22
22
22
23
22
22
22
22
21
22
22
22
22
23
23
22
22
21
22
22
23
22
22
21
22
21
22
21
22
21
22
22
22
22
24
22
21
22
22
22
22
21
22
22
21
22
22
23
22
22
22
21
22
22
22
22
22
22
22
22
22
22
22
22
22
22
22
22
22
22
22
21
21
23
22
22
22
22
21
21
21
21
21
21
21
21
21
21
21
22
21
21
21
21
66
21
22
21
21
22
22
22
22
22
22
22
22
21
21
21
21
21
22
22
22
21
21
22
21
21
23
21
22
22
21
21
21
22
22
23
21
21
21
21
21
22
21
22
21
37
22
21
21
22
21
22
21
22
23
22
22
22
22
23
22
22
23
22
22
22
23
22
21
24
22
22
23
22
22
22
22
22
22
23
22
21
22
22
22
22
21
22
22
23
22
22
22
22
23
22
22
22
22
22
22
22
22
22
22
21
22
22
22
22
22
27
22
21
22
22
22
22
22
21
23
22
22
22
22
21
22
22
22
22
22
22
22
22
22
22
21
21
21
22
22
21
21
22
21
22
21
21
21
21
21
22
21
22
21
22
22
22
22
21
22
23
21
21
22
21
22
21
21
21
44
35
31
31
25
25
23
23
22
21
22
21
22
24
22
22
21
24
24
25
23
21
22
22
21
22
21
21
21
22
22
22
21
22
22
22
22
22
22
23
22
22
24
22
22
22
22
22
24
22
22
23
22
22
22
22
22
22
22
24
22
21
22
22
22
22
23
22
22
22
23
22
22
22
22
23
24
22
22
22
22
22
22
22
22
21
22
22
22
22
22
21
22
22
22
22
22
22
22
22
22
22
22
22
23
22
22
22
22
21
22
22
22
21
21
21
23
22
22
22
22
21
43
22
21
44
22
22
23
23
22
21
21
22
21
21
21
22
23
21
22
22
22
21
21
21
21
22
22
22
21
22
21
22
23
22
22
23
22
22
23
24
22
24
22
22
22
22
22
22
22
22
22
22
21
22
21
22
22
23
23
22
22
22
21
22
22
22
22
22
22
21
23
22
22
22
23
22
22
22
23
21
22
22
22
22
22
22
22
21
21
22
22
22
22
21
22
22
21
22
22
23
22
22
21
22
21
22
22
22
22
23
22
22
22
22
22
22
22
22
21
22
21
21
21
22
22
22
21
21
23
22
21
21
22
21
22
21
22
22
21
22
22
23
22
22
22
22
22
22
21
22
22
22
23
23
22
22
22
22
22
22
24
22
22
23
22
22
22
22
22
22
22
22
23
22
22
22
22
23
23
22
22
22
23
22
22
22
22
22
22
23
22
22
23
22
22
22
22
22
21
22
22
21
22
22
22
22
22
22
22
22
21
22
22
22
21
22
22
22
22
22
22
22
22
22
21
22
21
22
22
22
22
22
22
22
22
22
21
22
21
22
22
22
22
22
21
22
22
22
22
22
22
22
22
22
21
22
22
22
22
22
22
22
22
21
21
21
21
22
21
21
21
21
23
21
23
22
21
22
21
22
21
21
21
21
36
25
21
22
21
21
22
22
23
23
21
22
22
21
23
22
21
21
22
22
22
22
24
22
22
22
22
21
22
22
22
23
22
22
22
22
22
21
22
22
21
21
22
22
21
22
22
21
22
21
21
21
21
22
22
21
21
58
22
22
33
22
22
24
26
26
26
27
26
27
27
27
28
26
27
25
26
26
25
25
25
24
23
22
22
21
22
21
22
21
23
22
22
22
22
22
22
22
22
22
22
22
22
21
22
21
22
21
22
22
21
24
24
21
22
21
22
21
21
21
21
21
22
23
22
21
21
22
21
22
22
21
23
22
21
21
21
22
22
21
21
21
21
21
53
22
22
22
22
22
23
22
22
22
22
22
22
22
24
22
22
22
22
22
23
22
21
22
22
23
22
22
22
22
22
22
22
21
22
22
22
22
22
22
22
22
21
22
