38
38
37
37
38
38
38
38
37
37
37
38
37
38
37
37
37
37
38
38
37
37
37
37
38
38
38
37
38
65
37
38
37
40
37
38
39
38
37
38
38
38
37
38
37
37
77
38
37
37
37
37
37
37
37
38
38
38
37
37
38
38
38
38
37
38
39
37
37
37
37
38
38
38
37
38
38
37
37
37
38
38
39
59
37
39
38
38
37
37
39
38
38
38
39
38
40
39
38
39
38
40
39
39
39
38
39
38
38
38
38
39
38
39
38
38
39
38
39
38
38
39
38
38
39
40
38
38
37
37
37
37
37
38
38
37
38
38
37
37
38
37
38
37
37
39
37
42
55
43
38
40
38
38
38
38
38
37
37
37
37
38
37
38
37
37
38
37
39
37
37
38
39
38
38
38
38
37
37
38
37
37
37
39
37
38
37
37
37
38
38
38
38
38
37
38
37
38
37
37
39
37
38
37
38
38
37
38
38
37
38
38
38
37
37
37
38
38
38
37
38
38
37
40
37
38
37
38
37
39
38
39
38
37
38
38
37
38
38
38
38
38
39
37
85
39
37
37
40
63
38
38
37
38
38
38
37
37
38
38
39
38
39
39
39
39
38
38
40
38
38
39
39
43
39
39
38
38
39
39
38
39
39
39
39
38
39
38
38
38
38
38
39
39
38
39
38
38
39
38
38
39
38
39
39
39
38
38
39
38
39
39
38
39
38
39
39
39
38
39
39
38
39
38
39
39
38
37
37
37
38
38
37
37
38
38
38
37
38
38
41
39
37
38
38
38
38
37
39
37
37
38
37
37
37
37
38
38
38
38
37
38
37
38
37
38
50
38
38
77
40
38
37
38
38
37
38
38
37
38
37
37
38
38
58
37
37
37
39
37
38
37
38
38
39
38
39
38
38
39
39
39
40
39
39
38
39
39
38
38
39
40
40
39
38
39
40
40
39
39
39
39
38
38
39
38
40
38
38
39
39
39
39
38
38
38
38
40
38
38
38
39
40
38
39
38
39
38
39
39
39
39
38
38
38
39
39
38
39
38
39
38
38
38
38
39
39
38
39
38
39
39
40
40
38
38
38
38
38
38
38
38
38
39
38
39
39
39
39
41
40
39
39
39
39
38
39
38
39
38
38
39
38
38
39
38
38
38
38
39
39
38
38
39
38
38
39
39
38
39
39
39
38
39
41
41
39
39
38
37
37
38
37
38
37
38
38
37
38
37
38
38
39
50
43
40
38
39
38
37
38
38
38
38
39
38
38
38
37
37
38
38
37
38
39
38
38
37
38
37
40
42
40
39
38
38
37
37
37
37
37
37
38
37
39
37
38
38
40
38
38
38
37
38
39
38
38
38
39
38
38
39
38
39
38
38
38
39
38
38
39
39
38
38
39
38
39
39
40
39
38
40
39
39
38
39
40
37
37
37
38
37
38
38
37
38
37
38
38
37
37
37
38
37
38
37
37
37
37
38
38
38
37
37
38
82
38
38
37
38
39
37
37
39
38
38
38
38
37
38
38
37
38
38
38
38
38
37
37
38
38
37
39
41
39
39
37
38
38
38
38
37
38
37
37
38
37
37
39
38
38
37
38
38
37
38
37
37
38
37
38
37
37
38
38
37
39
38
37
38
38
38
38
37
37
37
38
38
39
37
37
38
37
37
37
40
38
38
37
38
37
37
39
37
37
38
38
38
74
37
38
38
37
37
37
39
37
37
38
37
38
38
38
38
37
38
38
39
40
37
37
38
37
88
39
38
39
38
37
37
37
41
37
41
40
40
37
38
37
38
38
38
38
38
38
39
38
38
38
39
38
38
38
41
38
39
39
39
38
39
38
38
38
38
38
38
38
38
39
38
39
38
38
38
39
39
39
38
37
38
38
80
38
37
38
38
37
38
37
38
38
38
37
39
37
37
37
38
37
37
37
37
37
38
37
38
37
40
41
39
40
38
38
40
38
38
38
38
37
38
37
38
38
37
37
37
37
37
37
37
37
37
38
37
37
38
37
37
38
37
38
37
37
38
37
37
38
37
38
38
37
37
38
38
37
38
38
38
37
38
37
37
38
38
37
37
61
38
37
38
38
38
38
37
38
37
37
38
37
38
37
38
37
37
40
54
40
39
40
38
38
39
38
37
39
38
37
38
37
37
37
37
39
38
38
38
83
38
37
38
38
38
38
40
39
39
38
38
39
39
38
38
38
39
66
38
38
39
39
40
39
39
39
39
38
38
39
39
38
39
39
38
38
39
38
37
37
39
38
38
