49
50
49
49
50
51
86
50
51
51
49
49
49
49
49
49
50
49
48
49
50
51
49
50
49
49
50
51
50
50
50
49
50
50
52
50
51
50
50
50
50
51
51
51
50
51
51
51
51
50
51
50
50
51
51
51
51
50
48
49
49
88
49
51
48
49
49
49
49
49
49
48
49
49
49
49
51
49
49
51
49
49
50
49
65
50
51
49
51
50
50
51
51
50
51
50
51
50
51
51
50
50
50
49
50
50
50
51
51
50
50
50
50
50
60
50
50
101
56
49
49
49
50
50
49
50
50
49
49
49
49
56
50
49
49
48
49
49
50
50
49
50
49
49
49
49
51
49
50
49
49
49
48
52
49
49
51
49
49
49
50
49
50
49
50
50
49
49
49
49
48
49
50
49
49
56
50
49
49
49
49
48
50
48
50
49
50
49
50
48
48
52
49
48
50
49
48
50
49
49
49
51
50
49
49
49
48
87
49
49
48
49
50
49
48
49
49
50
49
49
50
49
49
49
50
49
49
49
49
49
49
50
49
49
49
50
50
50
101
50
49
49
49
50
50
50
50
52
51
50
51
50
51
52
51
51
50
50
51
50
51
50
51
50
50
50
50
50
51
50
51
50
51
51
50
49
49
49
49
50
49
49
49
49
49
49
49
49
49
49
48
48
50
50
49
49
50
50
51
49
51
49
49
49
49
49
49
49
50
49
50
49
50
49
49
49
51
50
49
49
48
49
49
50
50
49
49
49
50
49
57
49
49
49
48
49
49
49
49
49
49
50
50
49
49
48
49
49
49
49
49
49
49
49
50
49
49
49
50
49
49
49
49
50
49
49
49
48
50
49
49
49
49
49
50
48
50
50
49
48
49
49
49
51
50
50
49
49
49
49
49
51
85
51
52
50
50
49
49
49
49
50
50
50
51
53
50
50
51
50
51
50
51
50
52
51
50
50
50
50
52
50
50
50
50
50
50
50
50
51
49
50
50
50
49
49
49
50
49
49
49
49
50
49
50
50
48
51
51
48
49
98
51
49
50
49
49
49
50
50
48
49
49
49
49
48
49
49
49
48
49
49
49
49
49
49
49
48
50
48
49
49
49
48
49
49
49
48
48
49
49
49
50
49
49
49
49
49
51
49
48
51
49
89
49
50
50
51
49
49
51
49
49
51
50
49
60
50
48
49
50
50
49
49
49
49
49
51
51
50
51
50
51
51
52
50
51
51
50
50
50
50
50
50
50
51
52
51
50
50
50
53
53
56
51
51
51
52
49
50
49
49
51
49
51
49
48
49
49
50
48
50
49
50
49
49
49
50
49
49
49
48
50
50
51
48
49
49
49
50
49
48
50
50
50
48
49
49
50
48
49
49
49
49
50
49
51
49
50
49
51
49
53
50
50
49
50
49
51
50
49
49
50
49
49
50
50
49
49
49
49
49
49
52
50
50
50
48
50
49
49
49
49
50
49
49
49
50
49
50
49
49
48
49
49
49
48
49
49
49
49
49
49
48
49
50
50
48
49
50
48
49
49
49
49
50
49
49
49
49
49
49
49
48
50
51
49
49
49
49
49
49
48
49
49
49
48
49
49
49
49
49
49
49
49
49
106
49
49
49
50
50
50
48
49
49
49
49
49
49
49
83
50
49
49
49
50
49
49
50
49
49
49
51
49
48
48
49
49
49
49
49
49
49
49
50
49
49
49
50
49
49
49
49
49
49
50
49
50
49
49
49
49
49
48
48
49
48
50
49
50
51
50
50
49
50
49
49
49
49
49
50
49
49
49
49
50
48
51
49
49
48
48
49
49
49
49
49
49
49
49
49
49
49
49
49
49
49
49
96
49
49
49
49
49
49
50
49
49
49
49
49
49
50
49
48
50
49
49
49
48
49
49
49
49
48
49
49
49
49
49
50
50
49
49
50
49
49
49
50
48
49
49
49
50
49
49
49
49
48
48
51
48
49
50
50
50
49
48
49
49
50
49
50
48
50
49
49
49
49
49
49
49
49
49
48
50
49
49
49
49
49
49
50
49
49
49
49
49
51
49
49
49
50
49
49
51
49
51
124
50
49
49
50
49
50
49
49
50
49
50
49
49
50
50
50
49
48
49
50
49
50
48
49
49
48
49
50
48
49
49
50
49
50
49
49
49
50
49
49
49
48
49
50
50
49
49
49
49
49
50
50
49
49
49
49
49
49
50
49
49
48
50
49
52
50
50
49
50
49
49
49
50
49
49
50
49
49
49
48
49
48
49
49
48
49
49
50
48
49
