71
71
71
71
72
71
71
71
71
70
72
71
72
70
71
71
71
72
70
72
71
71
71
73
71
71
71
71
71
71
72
71
71
71
71
72
70
71
71
71
71
72
71
71
71
72
72
76
71
71
72
71
72
72
71
71
71
70
72
71
73
71
72
71
71
88
135
71
72
73
72
73
73
74
73
76
75
73
72
74
74
73
73
73
73
72
72
73
72
73
73
73
73
73
73
73
73
71
71
71
72
72
71
71
71
73
72
72
71
71
72
71
72
72
71
72
71
72
71
71
71
72
70
111
71
71
71
71
71
72
70
71
72
72
72
71
71
71
72
70
71
71
72
115
75
71
72
71
71
72
71
74
74
73
73
73
73
73
74
73
73
73
73
73
72
73
73
73
73
73
72
74
73
73
73
73
73
72
73
71
71
71
81
72
71
71
71
72
71
71
71
71
71
71
70
71
121
71
71
71
71
72
72
71
71
71
73
72
73
73
73
73
73
73
73
73
73
72
73
73
73
73
75
74
74
75
76
72
73
76
73
73
73
72
73
74
73
73
73
73
75
72
75
75
78
73
73
73
73
73
77
73
73
73
73
72
73
73
73
72
73
71
71
72
71
71
70
71
72
72
76
71
70
71
70
71
72
71
72
72
71
71
70
71
70
70
71
71
71
71
71
70
72
72
72
72
71
70
72
75
72
74
71
74
71
71
71
71
72
71
71
71
71
71
71
72
72
72
74
77
76
72
75
73
73
72
73
72
73
74
72
74
73
73
74
73
74
73
74
74
74
73
73
74
71
73
71
72
72
72
70
71
72
71
73
71
71
71
71
71
71
72
137
70
71
71
71
118
72
72
73
71
71
72
70
72
72
73
71
72
71
71
110
72
72
72
72
78
71
71
70
71
71
72
71
72
70
72
72
72
73
73
73
73
73
74
73
73
72
74
73
73
75
73
74
74
73
75
74
73
73
73
74
76
73
97
72
71
71
71
72
71
73
71
71
72
71
71
72
72
70
70
71
71
71
71
71
71
71
71
72
73
71
73
72
72
73
74
73
74
72
72
73
74
73
72
73
75
73
73
73
74
74
74
72
73
73
73
73
73
73
71
73
71
73
72
71
72
71
71
71
72
73
73
71
75
71
71
70
71
72
71
70
71
72
70
71
75
72
82
74
75
73
71
73
70
71
71
71
72
71
71
71
72
73
71
71
72
71
71
71
71
71
72
72
71
71
71
71
71
70
71
74
72
71
72
71
71
73
71
71
71
72
71
71
71
71
70
70
72
75
74
76
73
73
73
73
73
72
73
73
72
72
73
74
73
73
73
73
73
72
74
73
73
73
73
73
73
74
73
70
71
71
71
71
71
71
71
72
71
72
72
72
71
71
72
71
71
71
123
73
71
70
72
72
71
70
72
71
71
72
72
71
71
71
71
72
72
73
71
71
72
71
72
72
71
72
71
147
71
72
71
71
70
71
71
71
71
72
72
71
71
71
71
70
71
71
71
71
71
71
72
72
71
71
71
71
71
72
89
72
72
71
71
71
71
72
71
71
72
71
71
71
71
71
72
72
71
71
71
73
72
71
72
70
72
71
71
71
72
72
70
70
71
71
71
71
71
70
72
72
72
141
71
95
71
72
70
71
71
71
72
71
71
71
71
71
72
71
73
72
73
73
72
73
72
73
73
73
72
73
73
73
72
73
73
72
74
76
72
73
72
73
72
72
73
73
72
71
72
70
71
72
73
72
71
71
71
71
70
72
71
73
70
88
71
72
71
70
72
124
107
72
71
72
71
70
71
71
71
70
71
71
71
71
71
81
81
80
71
73
70
71
71
72
71
71
71
71
71
71
72
71
70
70
71
71
71
71
72
72
71
71
70
74
71
71
71
71
70
71
71
71
71
73
72
70
71
72
71
71
71
71
71
71
71
71
72
71
71
72
72
71
72
71
70
71
72
70
71
70
72
71
72
74
71
72
71
72
72
72
117
72
70
72
71
73
72
72
71
71
71
71
71
73
72
71
71
71
71
71
71
71
72
73
72
74
74
73
74
75
73
73
73
73
73
73
73
73
73
73
72
73
72
73
73
73
73
72
73
72
74
72
72
71
71
70
70
72
71
71
71
71
71
71
72
71
71
71
71
71
71
71
177
70
71
72
73
71
78
73
88
72
72
72
72
73
74
74
73
73
73
73
73
73
72
73
74
72
73
73
73
72
73
75
73
73
71
71
70
71
71
72
70
71
71
72
71
71
71
72
71
72
71
74
71
72
71
71
72
