92
92
92
93
92
91
92
94
167
92
92
94
92
92
93
92
93
92
93
92
92
93
108
93
166
93
92
91
93
93
97
94
93
96
95
94
95
94
95
95
95
95
94
94
94
94
94
94
95
95
95
95
95
94
94
95
94
94
94
95
94
96
106
94
94
93
94
93
94
96
95
95
93
95
94
94
94
96
96
94
95
92
93
92
91
93
91
91
91
92
93
92
92
92
91
92
92
91
93
91
92
94
91
165
109
92
95
94
94
94
94
94
105
93
95
96
98
94
95
94
93
94
95
94
94
94
93
95
93
94
94
94
91
93
91
93
93
92
92
92
92
93
95
93
93
93
91
91
92
93
92
93
92
94
92
91
93
93
92
92
93
92
93
92
94
91
92
95
94
97
93
94
92
92
93
91
92
92
92
91
167
92
92
94
94
94
94
94
94
93
94
94
95
95
94
97
94
94
94
94
95
95
94
93
97
93
94
94
93
92
91
93
92
92
92
92
92
92
91
91
92
92
91
91
93
93
92
91
92
91
91
92
92
93
92
93
92
93
92
92
91
92
91
92
92
93
91
92
92
92
93
91
92
93
92
92
91
92
92
92
92
92
91
93
92
92
91
92
95
93
96
97
91
94
94
92
92
131
92
109
92
92
93
92
92
92
93
94
93
94
97
94
94
95
94
95
94
95
93
94
95
95
95
94
95
95
95
94
94
95
93
94
92
91
92
92
92
92
93
134
93
95
92
92
92
93
91
94
91
91
91
92
92
91
92
92
91
92
93
92
91
93
91
92
92
91
92
93
91
92
91
91
92
91
95
92
154
92
92
91
92
92
92
92
94
92
91
91
94
93
91
92
92
92
91
92
91
94
91
91
92
92
102
94
93
172
91
91
93
94
93
92
92
91
91
92
92
91
92
94
92
93
91
91
91
93
91
92
91
149
93
92
95
92
91
93
92
91
92
92
92
92
92
92
92
95
92
92
92
92
92
93
92
92
91
92
92
132
97
92
95
94
96
94
95
95
94
94
94
94
95
93
95
95
95
93
94
94
96
95
94
94
95
97
93
94
93
93
93
92
92
91
91
93
92
94
92
93
91
93
92
92
91
94
92
92
93
92
136
92
93
92
92
92
92
93
92
95
93
92
92
92
92
92
92
91
92
92
92
92
91
94
92
92
91
91
91
92
91
92
92
93
92
91
92
93
92
93
91
93
93
92
92
92
92
92
92
92
91
92
92
92
93
92
93
93
91
92
91
92
92
91
92
92
92
93
92
92
92
92
91
92
91
91
92
93
91
92
92
92
91
91
92
92
93
145
91
91
92
91
91
92
91
92
93
91
91
91
92
92
92
92
150
93
93
93
94
91
93
92
94
92
92
92
93
91
92
92
92
92
93
92
92
91
92
91
92
92
92
92
94
92
93
92
91
91
91
93
92
92
92
92
91
92
95
134
93
93
94
91
114
92
94
92
92
91
93
93
94
92
93
91
92
91
92
92
92
93
92
92
91
91
91
93
92
91
91
93
91
92
91
92
93
92
92
92
92
92
92
91
91
92
93
91
92
92
91
92
92
92
92
92
92
91
92
91
91
92
93
92
92
91
91
92
92
93
92
93
93
98
93
92
93
92
92
91
93
93
92
93
92
91
92
91
91
93
93
92
92
91
92
92
91
91
91
92
91
91
92
91
91
92
91
92
92
92
92
92
92
92
92
92
91
92
91
91
93
93
92
91
92
92
92
92
92
92
92
92
93
92
92
92
91
93
93
91
92
92
92
92
91
91
91
91
92
92
92
92
92
91
91
92
92
91
93
92
92
92
92
92
92
93
91
91
91
92
92
93
92
92
92
92
91
91
91
91
91
92
92
92
92
93
91
92
91
92
92
92
91
92
92
93
92
93
93
91
92
127
91
93
93
93
91
91
91
92
93
91
92
93
92
91
92
92
92
92
92
92
92
92
121
104
92
93
93
93
92
91
92
92
93
91
93
92
91
92
91
92
91
91
91
92
92
91
93
91
93
93
92
91
92
93
91
91
92
92
92
92
92
92
93
92
92
93
92
91
92
91
92
92
92
92
92
92
91
92
92
91
155
93
92
93
91
92
91
92
93
92
94
92
92
91
92
92
92
93
91
93
92
92
91
92
94
93
92
92
92
91
92
91
92
92
91
92
92
92
91
92
92
91
91
93
93
92
93
92
93
91
91
91
93
94
92
133
93
91
92
92
93
94
92
91
91
92
91
94
92
91
121
105
104
93
92
92
92
92
91
92
92
92
