106
106
108
107
106
107
106
107
109
107
107
107
106
106
107
106
104
105
104
104
104
104
104
104
106
104
105
104
103
106
105
104
106
103
104
105
104
104
104
103
106
107
107
109
106
106
106
106
107
106
107
108
106
107
108
108
107
108
107
106
107
106
106
106
107
107
106
106
108
106
108
106
108
108
106
107
108
106
107
106
107
107
106
106
107
106
107
107
107
107
108
107
106
106
106
108
107
107
107
108
107
106
107
108
107
106
107
106
106
107
106
107
107
107
107
108
106
106
106
107
106
106
107
105
106
107
107
107
107
106
107
106
144
121
130
105
107
107
107
107
106
107
108
107
106
106
106
106
107
106
107
106
108
107
107
106
107
106
107
106
106
106
108
107
106
106
106
108
107
107
106
106
106
106
107
106
106
106
106
107
122
107
107
106
106
107
107
108
109
107
107
107
107
107
107
107
107
106
106
109
108
107
113
107
106
108
107
107
107
107
106
106
106
108
107
107
107
106
106
107
107
108
107
107
108
107
107
107
106
107
106
107
106
106
107
106
106
107
108
109
109
106
106
109
108
106
107
107
106
105
108
106
107
148
107
107
106
107
106
106
106
107
106
106
109
106
107
107
106
106
107
107
106
109
107
181
108
107
106
107
107
108
106
106
107
108
106
107
106
106
106
108
106
106
106
106
106
107
106
107
106
173
111
109
107
107
109
106
107
150
113
106
108
107
108
108
107
106
106
106
106
167
106
107
107
109
109
107
106
165
108
107
107
106
106
110
107
107
106
108
107
108
107
107
107
108
106
106
107
106
106
107
106
106
106
108
107
107
106
107
107
108
107
107
106
106
106
106
106
106
107
106
107
108
106
107
106
106
108
108
106
106
107
107
106
105
108
106
108
106
107
106
107
107
107
106
107
108
108
106
107
121
142
122
122
107
106
106
106
106
106
108
106
106
106
107
107
106
106
108
105
107
108
109
106
163
108
106
107
106
107
107
106
107
106
106
106
106
107
105
109
107
106
106
107
106
106
107
108
106
106
108
106
107
107
107
107
106
107
106
106
107
107
106
108
108
108
107
107
106
106
106
107
107
106
106
262
106
108
108
107
108
108
141
122
107
106
107
107
106
106
106
108
106
107
106
107
107
107
107
106
106
107
107
107
106
106
107
107
107
106
106
106
107
106
109
106
107
106
106
107
107
108
107
106
107
106
107
107
106
107
106
107
107
107
107
107
106
106
107
107
107
107
108
106
107
106
106
106
106
107
107
107
106
107
106
106
106
107
106
106
107
106
106
107
106
106
107
107
108
108
108
106
106
108
107
107
106
106
107
106
106
106
107
107
107
106
107
107
107
106
107
107
107
106
106
107
106
108
107
108
106
107
106
107
107
106
106
106
109
107
107
106
108
107
106
107
106
106
106
107
108
107
147
107
106
107
106
107
107
106
106
106
107
107
106
107
108
107
108
108
108
107
106
106
107
106
106
107
107
106
106
107
107
108
106
108
108
108
106
107
106
107
107
107
107
107
107
107
107
106
107
106
107
107
107
108
107
107
106
107
107
106
107
106
107
107
106
108
107
109
106
106
106
108
106
106
106
106
108
106
109
107
107
108
107
164
107
107
110
107
106
109
108
106
106
107
107
106
107
106
107
106
107
150
107
107
107
106
106
107
106
107
108
106
108
107
107
148
107
107
108
108
106
106
105
107
107
106
108
106
107
106
107
106
106
106
106
106
108
107
108
106
106
108
108
107
106
106
107
106
106
107
106
108
107
107
107
107
106
106
106
107
108
107
106
106
106
106
106
106
107
107
107
106
108
107
107
107
108
106
107
106
106
106
108
107
107
152
108
107
107
106
106
106
106
106
107
106
108
106
106
107
106
106
107
106
106
107
107
107
106
109
106
108
108
108
107
106
108
107
107
106
107
108
106
107
109
107
109
106
107
106
106
107
106
107
107
107
106
106
106
106
106
107
106
106
107
107
107
106
107
106
107
107
107
107
107
108
107
106
107
106
107
107
106
108
107
107
105
106
105
106
106
107
107
107
107
107
108
106
107
108
107
107
106
107
108
106
109
121
110
109
110
106
107
107
106
107
107
107
108
108
107
110
112
110
110
107
109
107
107
107
167
107
107
108
106
107
106
107
106
107
106
106
106
106
106
107
107
107
106
106
107
107
106
106
108
107
107
107
107
107
108
107
108
107
106
106
108
107
107
106
107
107
107
107
106
106
108
107
106
107
108
108
185
107
108
109
109
109
109
109
111
109
113
110
124
113
112
