125
125
124
125
125
124
126
127
126
126
125
126
125
125
124
124
125
124
127
125
129
125
125
125
124
125
125
124
124
126
125
125
126
126
123
122
121
122
123
122
122
122
122
122
123
122
122
122
122
127
122
123
162
125
201
126
126
125
125
125
126
124
127
126
133
124
125
125
127
125
125
125
125
125
126
127
125
125
125
124
125
125
126
126
126
125
125
131
125
126
125
125
126
126
125
126
125
125
126
125
124
125
125
124
125
124
125
124
126
125
126
125
126
125
125
125
125
126
127
132
129
131
130
125
125
125
126
125
125
126
125
126
124
125
125
125
126
125
125
126
124
131
125
125
126
192
123
122
122
126
122
122
140
122
122
122
122
122
122
122
123
121
121
122
122
122
123
124
126
126
126
126
127
127
126
124
125
125
124
125
125
124
126
125
126
125
126
127
125
137
122
122
153
122
122
122
123
166
123
123
123
121
121
123
122
121
121
139
122
123
123
127
124
124
125
125
125
124
125
131
126
126
125
125
124
125
125
125
125
125
126
125
127
125
123
122
122
122
124
122
121
123
122
122
122
121
122
122
161
123
122
122
121
145
159
122
125
125
126
125
124
125
125
125
126
126
125
129
125
125
128
126
126
126
125
126
127
126
125
125
129
125
125
125
125
125
129
130
125
128
126
128
125
124
125
124
126
141
126
125
122
123
128
122
122
122
121
122
140
123
122
123
122
123
123
124
124
122
122
123
122
123
122
121
139
123
122
123
121
123
122
122
122
122
122
122
123
122
121
122
122
198
123
123
121
125
125
125
124
125
124
125
125
125
124
126
125
127
125
124
126
125
125
127
125
126
124
121
124
122
122
122
121
122
122
121
122
121
121
123
121
122
121
123
121
122
122
123
122
125
124
138
122
123
122
121
122
122
229
123
123
121
124
123
122
124
123
124
122
122
122
123
124
132
125
124
126
125
125
125
125
124
126
126
125
127
125
127
125
125
124
125
126
125
125
122
122
196
121
123
122
124
122
121
122
122
121
121
122
122
124
122
140
139
139
140
122
123
123
122
125
121
161
123
123
123
251
122
123
121
123
122
125
122
125
127
122
123
121
128
125
125
125
125
126
125
125
125
125
125
126
157
125
125
127
125
126
124
125
125
124
122
121
122
121
122
123
123
122
122
121
123
121
122
123
122
122
122
122
123
127
190
128
125
125
125
125
126
125
124
126
124
128
124
126
125
124
125
125
126
126
126
125
126
125
126
122
123
121
121
121
122
122
122
121
140
139
121
122
123
122
122
122
122
122
122
122
121
122
122
122
122
121
121
122
122
122
122
121
121
121
123
122
124
124
124
142
164
200
128
131
125
125
126
125
124
124
125
124
125
125
127
126
126
128
127
126
125
125
127
127
125
125
121
122
123
122
122
122
122
124
122
121
121
121
121
122
121
123
121
126
122
123
123
122
122
123
122
123
124
123
121
122
123
121
122
122
123
122
122
122
121
122
121
123
122
123
122
121
121
122
122
121
122
123
123
123
124
123
122
122
122
122
122
122
122
189
163
125
122
122
122
122
122
122
122
122
121
121
122
121
123
123
121
121
121
123
122
122
122
122
123
122
122
121
123
122
124
123
121
122
122
123
122
121
122
121
122
122
121
121
122
123
122
122
124
125
122
122
123
122
129
122
122
127
122
124
127
123
122
121
121
122
122
122
122
122
124
122
125
125
124
125
125
124
125
125
125
126
125
125
125
125
125
125
126
125
126
125
128
125
127
121
121
121
122
121
122
123
123
121
122
122
121
122
121
123
123
122
125
123
121
121
226
121
179
124
123
123
122
122
121
123
128
124
122
122
123
121
122
122
122
121
122
123
127
122
125
125
131
126
125
124
125
127
126
131
125
126
125
138
127
125
124
125
125
126
124
124
122
121
150
123
123
122
123
122
122
122
121
122
123
122
122
160
126
122
122
121
122
122
123
122
122
121
122
122
122
122
123
203
122
122
122
123
124
122
121
121
122
122
122
122
122
122
122
122
122
122
122
122
122
123
121
123
122
123
121
123
122
122
121
122
121
121
122
122
121
122
122
123
122
122
123
123
121
122
122
161
139
169
122
123
122
122
123
122
218
122
121
122
121
235
122
123
123
129
122
123
122
122
123
122
121
123
122
123
123
122
121
138
126
126
125
125
125
125
127
126
125
125
125
125
126
125
126
126
125
126
127
127
124
124
122
122
121
122
122
121
121
122
122
123
122
122
122
123
124
121
123
122
122
122
122
121
123
123
123
122
122
