152
152
152
151
205
153
152
151
152
152
152
152
153
153
152
151
151
151
152
153
153
152
152
152
152
152
153
152
152
152
151
154
152
152
151
203
236
189
155
158
155
156
156
156
155
156
155
156
156
155
155
155
156
155
155
155
155
155
155
155
152
151
152
152
152
152
151
152
152
152
152
153
152
153
152
151
152
151
153
152
152
151
153
152
152
151
152
152
151
152
152
151
154
152
152
152
152
151
152
152
153
153
152
174
152
152
153
152
152
151
153
152
152
152
152
152
152
152
151
153
153
153
152
153
152
151
152
151
151
152
153
154
152
152
152
151
152
155
152
153
151
152
155
190
153
152
152
196
167
152
152
152
152
151
153
151
153
152
153
153
162
152
153
153
153
151
151
152
156
152
152
152
151
153
152
152
152
152
151
152
151
217
152
153
151
153
152
152
152
151
152
151
152
151
153
153
153
152
152
151
152
152
153
155
154
153
154
152
153
152
151
153
154
152
152
154
153
153
151
152
151
152
152
152
153
153
373
152
152
152
152
152
151
152
151
154
152
152
153
151
152
152
154
153
152
154
152
152
153
152
152
152
152
153
154
154
153
152
155
155
174
184
189
188
194
194
190
253
200
182
183
178
177
173
157
154
151
153
153
155
151
152
151
152
152
152
153
152
151
152
152
152
152
153
152
152
152
152
152
152
152
151
153
154
192
154
152
161
153
152
152
152
152
153
152
153
152
153
152
152
152
152
152
153
152
153
152
152
152
153
152
152
154
153
152
153
151
152
152
151
152
152
153
153
152
153
152
152
151
151
152
151
154
152
152
152
153
152
152
151
154
151
153
152
154
152
152
152
151
151
152
155
153
152
152
152
153
152
151
151
152
152
152
151
154
151
153
152
152
154
153
153
151
175
222
153
152
151
153
152
152
152
200
152
151
151
154
152
152
151
151
156
156
155
159
155
156
156
157
156
156
157
157
158
155
156
155
156
158
157
156
155
152
152
154
152
157
153
204
171
160
153
152
150
154
153
153
153
151
152
152
151
156
156
155
156
157
156
157
161
156
156
156
156
156
156
155
157
156
155
155
156
157
152
151
151
151
153
153
221
153
152
151
152
152
174
155
156
151
153
152
168
154
152
151
155
152
152
152
152
152
151
152
152
153
154
153
151
153
154
152
153
152
152
153
154
152
152
151
152
152
152
152
152
152
153
151
153
153
151
152
153
152
152
152
159
151
148
148
151
149
149
149
148
148
148
148
148
149
149
148
149
147
148
148
148
148
148
148
153
152
152
214
152
152
153
152
152
152
152
152
152
152
152
153
151
153
152
151
151
151
152
152
152
153
152
152
152
152
152
152
152
153
152
152
151
153
152
153
152
154
151
151
153
191
152
154
151
154
151
152
152
152
153
151
151
229
174
154
162
152
152
151
156
156
157
155
157
155
156
156
155
156
156
156
156
154
155
157
156
157
157
173
156
150
151
151
152
152
152
153
153
152
153
153
152
151
153
152
153
153
195
163
154
152
151
152
152
152
152
236
152
153
152
156
152
152
152
153
152
152
152
152
153
151
151
152
152
154
153
153
152
151
151
152
152
151
153
151
154
160
161
152
152
152
152
151
153
152
152
152
152
216
156
199
152
162
151
153
189
152
214
152
153
154
152
152
157
156
185
159
156
155
158
156
156
161
156
156
156
154
157
155
155
156
155
155
157
152
152
151
156
152
170
151
153
152
152
151
152
152
204
156
155
152
152
152
209
174
159
155
158
157
155
157
157
167
163
156
157
156
157
156
155
156
155
157
158
156
157
157
159
155
156
156
156
154
156
156
158
157
156
156
179
156
156
158
156
159
157
152
152
152
153
152
151
151
151
152
152
152
151
152
156
152
152
151
152
152
195
152
153
152
151
152
152
152
153
155
153
152
152
151
153
151
151
153
152
151
152
152
152
154
158
153
152
152
152
152
152
152
153
151
152
151
152
152
151
151
152
153
199
154
153
155
157
152
153
151
152
153
223
151
151
152
152
153
151
152
153
153
152
152
151
152
152
152
151
152
161
152
152
152
152
151
151
152
153
150
152
152
153
154
153
152
153
151
153
253
152
153
153
152
154
153
152
152
152
152
153
156
152
151
152
151
153
151
152
151
153
151
152
152
151
151
152
152
152
152
153
154
152
152
152
152
152
152
152
152
148
148
148
148
149
150
148
148
149
150
149
148
149
148
148
148
149
149
148
149
148
148
154
153
152
152
153
152
152
152
153
153
152
151
152
152
152
152
152
153
151
