174
175
175
175
175
176
174
175
176
176
176
174
178
174
175
176
174
176
176
175
174
175
174
175
174
176
176
174
240
175
175
200
192
184
174
218
176
175
174
175
175
175
175
175
174
175
176
174
176
175
175
175
175
176
174
176
175
175
174
283
175
176
175
175
174
174
174
175
174
175
177
175
175
175
175
176
175
175
176
176
175
176
175
175
175
174
174
175
222
174
176
174
176
174
177
176
176
175
175
175
176
176
305
176
174
175
175
175
177
176
175
174
174
177
175
176
177
175
176
175
174
175
175
177
175
176
176
174
176
176
175
174
175
175
175
176
176
231
217
175
175
176
177
174
175
175
177
175
174
177
175
173
176
175
176
176
175
176
175
174
176
175
176
176
175
174
176
177
174
175
178
174
238
175
175
176
358
231
200
179
176
175
178
175
176
175
176
175
177
174
176
175
175
178
176
175
175
175
175
175
176
175
177
174
175
174
174
175
174
174
175
175
174
176
184
176
174
185
178
176
175
176
176
175
175
175
174
175
176
174
175
175
175
174
176
174
174
176
177
175
175
175
171
170
171
171
172
172
171
174
171
171
170
174
171
171
170
171
172
171
171
169
175
175
176
174
175
176
176
175
177
175
224
174
175
176
174
175
175
200
176
177
175
174
176
176
174
176
178
176
176
174
175
175
176
175
237
175
175
176
176
175
174
175
175
174
175
174
175
174
175
176
176
176
177
176
174
176
176
174
177
175
175
174
174
176
176
175
176
174
175
175
174
174
180
176
174
179
235
176
175
174
175
174
176
178
175
175
175
175
174
175
175
174
175
175
175
178
177
176
176
176
177
176
176
175
174
174
175
176
176
174
174
175
173
175
175
175
176
175
176
175
175
174
175
177
176
176
177
176
174
174
174
175
175
174
175
175
175
177
175
176
175
176
175
174
177
176
175
174
176
175
175
174
175
174
175
176
175
174
176
176
177
174
176
174
176
176
174
175
175
175
175
177
174
175
175
175
175
174
178
175
175
175
175
177
176
174
174
176
174
173
176
176
174
175
174
176
175
175
176
175
175
172
171
171
171
171
171
175
171
171
170
173
172
173
171
170
173
172
170
170
171
175
243
175
228
176
174
175
175
176
175
174
176
177
176
175
176
175
176
177
174
175
175
175
176
297
176
175
175
176
175
175
175
175
175
176
177
175
175
174
174
175
175
177
175
175
174
175
176
182
175
174
176
176
176
175
175
175
175
175
174
176
176
175
176
175
175
174
174
175
175
174
175
174
175
176
176
175
175
175
174
174
171
170
170
171
171
171
171
170
170
171
171
171
170
169
170
172
171
172
171
171
176
176
174
176
176
174
175
176
174
174
175
175
175
176
176
176
176
175
174
175
182
176
174
174
176
174
174
176
174
176
176
176
174
175
176
175
174
175
176
174
176
176
175
176
174
175
176
175
176
176
176
175
175
175
176
175
175
176
174
175
178
174
174
175
176
177
173
250
175
177
176
177
175
259
176
179
175
177
175
174
176
177
175
175
174
174
174
175
179
175
175
174
174
176
175
175
176
175
175
176
174
176
175
174
177
174
174
175
179
174
176
174
176
176
175
176
174
175
175
178
174
175
175
175
175
174
174
174
176
176
175
175
175
177
176
174
175
176
175
175
175
174
177
176
175
175
174
176
174
175
176
176
174
218
221
176
174
177
175
176
175
175
176
174
175
175
176
175
175
176
179
175
175
176
176
175
176
176
175
176
176
175
176
174
175
175
177
178
175
174
174
175
176
174
176
176
175
175
175
177
175
176
175
177
175
176
177
174
174
174
174
175
175
176
176
176
174
174
176
175
176
175
174
176
175
184
175
183
177
175
174
175
349
176
265
175
175
175
175
176
180
181
180
180
180
178
181
179
178
179
180
179
179
180
180
180
179
179
180
182
175
174
175
175
176
178
175
174
175
175
174
175
175
175
175
174
176
176
176
175
174
176
175
177
174
174
176
176
176
175
174
175
174
175
175
175
176
177
176
175
176
176
177
176
175
175
175
175
175
175
177
175
174
174
175
236
177
176
176
175
175
175
175
175
175
174
175
177
174
175
174
175
175
175
175
177
177
224
175
175
175
175
176
177
174
175
177
175
174
176
176
177
175
175
175
177
175
178
175
178
175
175
175
174
174
175
175
174
176
176
176
174
175
174
177
174
174
174
175
176
174
174
175
175
176
176
177
175
174
226
175
175
174
175
175
175
176
176
175
174
176
174
175
177
175
175
175
176
174
174
176
174
175
176
174
175
