209
210
209
210
281
212
211
209
211
212
467
210
261
211
211
209
210
212
210
210
212
210
211
209
211
213
211
210
211
212
211
209
212
210
254
211
209
208
212
209
209
211
205
207
206
206
205
205
207
205
205
206
206
207
204
203
205
205
207
204
220
210
210
210
212
211
211
211
211
210
209
210
210
210
211
212
305
210
211
211
213
211
209
210
211
211
210
211
212
211
210
211
211
214
210
209
212
211
211
209
212
242
209
210
211
208
212
210
210
209
210
209
211
210
212
209
209
212
211
210
210
210
212
215
218
210
210
211
210
209
211
210
210
278
240
215
216
215
216
217
217
214
215
216
216
215
216
216
215
215
217
215
212
209
211
210
211
210
276
210
214
210
211
210
213
212
211
210
210
209
210
205
206
206
206
207
204
205
243
205
206
206
206
204
206
207
304
205
217
217
216
215
218
215
216
217
216
217
215
217
217
216
216
216
216
220
210
210
208
211
211
208
210
212
210
213
210
210
255
212
211
211
211
211
209
210
210
210
211
210
210
212
211
211
210
220
210
211
208
211
209
261
218
223
216
217
217
217
216
215
215
217
215
215
214
215
214
217
216
217
215
216
210
210
210
211
213
331
211
211
210
213
212
211
210
214
212
210
210
211
210
212
209
210
211
209
208
212
209
210
209
286
213
211
244
211
210
211
211
211
210
210
211
210
210
211
209
210
211
211
279
213
211
211
263
211
210
211
210
255
225
210
209
211
211
211
209
210
210
210
210
210
213
211
210
210
211
211
209
211
209
210
210
211
210
211
210
209
210
212
210
210
210
209
209
212
211
213
211
210
208
213
209
211
209
209
211
211
210
211
210
212
209
211
212
210
210
210
212
210
211
211
209
211
210
213
210
210
210
241
230
215
223
216
216
215
217
215
214
217
215
217
215
216
217
215
217
217
216
248
212
210
213
210
210
210
210
212
211
210
211
210
209
210
209
211
211
210
276
210
209
375
210
209
214
430
211
211
210
211
210
210
209
210
210
212
210
217
216
216
216
214
216
215
217
219
218
215
216
215
216
215
215
216
214
214
211
211
209
210
210
210
254
211
210
209
210
209
209
211
209
211
211
212
211
211
212
210
210
212
211
209
218
210
210
210
210
209
209
211
210
212
210
210
211
212
211
211
210
211
211
209
210
212
210
210
210
209
210
210
210
209
210
212
209
211
210
209
213
210
210
274
210
210
211
210
211
209
210
211
212
211
212
211
211
210
211
211
210
211
213
210
210
212
210
210
211
279
212
210
210
210
211
210
210
210
210
214
209
210
276
210
250
290
212
216
218
217
215
216
219
219
217
216
216
216
216
216
216
217
216
216
218
217
218
212
210
277
241
215
216
209
210
210
209
210
209
211
210
209
211
210
209
210
210
210
210
212
268
265
211
210
211
209
211
209
210
214
211
248
218
214
217
215
217
218
216
214
216
226
215
216
215
216
216
215
216
216
216
214
209
210
210
210
210
211
210
213
210
212
213
209
210
210
211
211
210
209
212
210
209
209
212
211
211
246
219
210
212
210
210
211
209
209
211
211
209
215
215
215
215
217
215
215
217
214
217
215
215
216
215
215
216
216
217
227
211
209
211
211
211
209
210
214
211
210
209
209
211
210
211
212
210
211
211
210
332
210
211
210
209
379
211
210
210
210
212
210
211
210
210
210
215
217
216
216
214
215
217
216
215
219
216
215
216
215
216
216
216
216
210
212
210
211
208
211
210
211
211
210
210
212
209
213
210
212
209
210
215
216
217
216
215
214
219
214
215
215
215
250
215
218
215
216
216
217
214
213
211
212
209
211
211
211
211
210
212
210
210
213
210
214
210
210
209
210
211
210
210
211
210
211
210
210
211
210
210
343
282
240
215
210
212
209
210
210
212
212
211
249
215
210
211
212
209
211
211
263
213
211
211
281
209
209
210
210
211
211
210
210
211
210
208
212
211
210
211
210
209
210
210
210
210
211
209
209
209
213
211
210
210
211
210
210
210
210
212
212
210
210
209
247
209
209
212
209
209
209
210
210
209
210
210
211
209
210
211
210
210
209
210
211
211
210
209
210
211
209
211
209
211
211
210
210
211
211
210
210
209
209
209
217
279
238
210
211
209
211
212
209
209
210
210
210
209
211
211
211
210
210
210
209
210
211
210
210
210
210
210
209
209
210
209
209
289
252
212
210
210
210
210
210
210
210
210
209
210
209
210
212
210
209
210
210
210
211
210
210
209
209
209
210
210
211
209
212
211
209
210
210
