139
138
139
140
137
138
140
141
140
137
140
137
141
185
142
143
144
142
140
143
142
143
144
142
143
142
142
141
142
141
144
142
139
139
141
139
138
138
141
138
139
140
140
138
140
138
140
140
140
141
138
141
138
139
141
141
140
215
138
139
138
140
139
139
140
234
142
142
145
142
142
142
143
142
142
143
143
143
143
142
142
143
142
144
141
141
138
141
140
140
140
139
138
139
140
139
139
139
141
138
138
140
140
139
140
139
140
141
139
140
138
139
140
139
140
140
140
138
223
140
141
139
140
139
142
140
139
139
139
139
138
138
138
139
188
138
139
143
139
139
139
139
183
139
139
140
138
141
138
138
138
138
139
140
139
140
138
141
140
140
141
139
139
140
137
138
138
141
138
139
138
139
139
139
139
138
140
142
138
138
139
142
140
141
139
140
139
140
139
140
139
145
141
141
145
142
143
143
144
143
143
144
144
143
141
143
147
143
143
140
140
244
139
138
140
142
141
143
140
139
139
138
139
140
140
140
141
138
139
140
140
211
141
141
141
139
140
140
139
138
140
140
141
141
145
143
143
142
143
142
144
142
143
142
142
143
142
142
142
143
144
144
135
135
137
136
137
136
137
135
138
136
137
188
135
136
135
135
134
137
136
135
136
137
136
136
136
167
136
136
136
136
136
134
137
139
140
135
144
142
142
143
142
143
143
145
143
141
143
141
143
142
142
143
142
142
135
137
134
136
137
139
138
135
136
139
136
137
139
137
138
135
135
140
140
138
140
220
139
140
142
139
140
141
141
139
141
138
138
138
139
138
139
140
140
139
138
141
141
139
141
140
139
138
139
140
140
140
139
136
136
136
137
136
136
136
155
136
135
135
136
134
136
136
139
137
136
141
139
139
140
138
140
138
137
138
140
141
139
139
138
138
138
140
139
140
140
138
138
139
142
139
141
140
141
140
142
140
141
139
140
139
139
138
142
138
141
138
139
139
139
140
138
138
139
138
140
140
141
139
139
138
138
138
140
138
141
140
139
142
140
139
138
139
138
139
140
139
140
140
139
139
140
140
140
138
139
139
139
139
139
138
139
140
141
140
141
139
139
139
141
140
186
173
139
141
139
139
141
140
138
138
139
139
139
137
139
138
139
141
137
140
139
138
141
138
137
140
138
140
138
139
139
137
140
141
139
138
138
142
141
139
140
139
140
139
139
141
140
139
141
138
139
138
139
137
139
139
138
140
138
139
140
142
138
139
143
142
139
141
139
238
140
140
178
139
137
139
139
141
137
140
139
138
142
139
138
188
141
139
139
140
140
139
140
138
138
140
137
138
141
140
137
139
138
138
138
141
141
139
138
141
183
138
140
140
146
138
139
208
140
140
142
141
144
142
143
143
143
143
142
143
143
143
143
143
140
144
144
175
138
142
139
138
141
141
141
140
140
140
140
141
143
141
141
139
139
140
140
142
140
141
138
139
138
140
139
139
140
141
137
139
138
138
138
138
142
139
140
140
140
138
139
140
140
139
142
138
139
139
137
138
138
138
138
136
136
136
298
135
137
134
137
137
136
136
136
137
136
136
138
140
139
138
139
138
138
140
140
138
139
139
138
139
188
139
251
139
140
140
140
138
140
139
140
140
139
140
139
137
138
137
140
182
141
138
140
140
141
139
139
140
140
139
139
139
140
140
140
140
140
137
138
139
138
143
142
138
141
141
139
138
139
138
141
138
139
140
139
196
139
138
138
138
140
139
137
140
141
141
139
140
139
139
138
138
139
139
140
140
140
139
139
140
138
207
138
143
140
139
140
138
140
140
138
140
140
141
138
138
138
140
139
138
139
138
139
140
138
140
139
141
139
139
140
139
140
137
136
135
135
138
135
138
137
137
136
135
137
134
135
137
135
135
137
139
138
138
140
143
140
140
138
141
140
140
140
141
138
138
140
138
140
142
139
138
138
139
138
141
138
188
140
139
139
142
138
138
137
140
139
141
139
138
138
141
140
138
139
140
140
139
139
138
140
138
143
139
140
139
140
140
140
138
141
139
407
139
142
140
140
140
140
138
138
139
142
138
140
138
139
140
141
140
144
139
140
140
140
139
138
140
142
139
138
137
227
137
136
136
134
134
135
135
135
137
140
134
137
232
192
139
140
186
140
139
138
140
140
139
140
138
138
139
138
140
141
140
138
140
136
138
135
135
135
136
136
137
136
136
139
135
137
137
136
135
136
136
135
135
136
135
135
137
137
135
135
135
136
135
136
136
136
136
137
135
134
142
140
139
