35
34
34
34
35
34
34
35
34
34
35
34
34
34
34
35
34
34
35
34
35
35
35
34
34
34
34
35
34
34
34
34
34
38
34
35
35
35
36
35
34
34
35
35
34
34
36
34
35
34
34
34
35
35
35
34
34
35
34
34
35
35
35
36
36
35
35
34
35
34
35
35
35
36
36
36
35
36
35
34
34
35
35
35
36
35
35
35
36
35
35
35
35
36
36
35
35
36
35
35
34
35
34
35
34
34
34
84
37
37
35
34
55
36
35
34
34
35
34
35
34
35
37
35
35
34
34
34
35
34
35
35
34
37
35
36
35
36
35
35
35
36
36
37
35
35
35
36
35
35
35
34
36
36
35
35
35
35
35
35
35
36
36
35
36
35
35
35
34
35
34
34
34
34
35
35
34
34
34
35
35
34
35
34
36
34
34
35
35
57
36
34
35
35
34
34
34
35
35
34
35
35
36
35
35
34
34
36
35
35
34
36
34
34
33
35
34
35
36
35
34
34
34
34
35
35
34
35
35
34
35
34
34
36
35
35
35
34
35
35
34
35
35
35
35
35
34
35
34
34
35
49
35
34
34
34
35
34
36
35
35
36
36
36
35
35
35
35
36
36
36
36
35
36
35
35
35
35
35
37
35
35
35
35
35
35
34
35
35
35
35
35
35
35
35
35
34
34
35
34
35
34
35
35
34
34
34
34
35
34
34
34
34
35
35
35
35
34
34
35
35
34
35
50
35
35
36
36
35
35
36
36
36
38
36
35
35
35
36
36
36
35
35
35
36
35
35
37
35
37
35
35
35
36
35
35
35
35
35
34
35
36
35
40
35
36
37
35
35
35
35
36
36
35
35
35
35
35
36
36
35
35
36
36
36
36
35
35
34
34
34
35
34
35
34
34
35
34
35
35
50
35
35
35
35
35
35
37
34
34
34
34
35
35
35
35
34
35
35
36
35
35
35
36
36
35
35
36
36
35
36
36
36
36
35
36
35
37
36
35
36
36
35
35
36
36
38
36
37
35
35
36
35
35
35
35
35
35
35
36
35
36
35
37
35
35
35
37
35
36
35
35
36
36
36
37
35
36
35
35
36
35
34
34
34
34
35
34
35
35
35
34
35
35
34
36
35
34
34
34
35
35
36
35
34
34
35
35
34
35
34
35
34
34
34
35
34
35
34
34
34
35
34
36
35
35
34
37
34
34
35
35
35
35
34
34
34
35
34
34
36
34
34
34
35
36
35
35
36
35
35
36
36
35
35
36
35
36
35
36
35
35
35
35
36
36
36
36
36
36
36
36
35
36
36
35
36
35
35
34
34
34
35
34
35
35
34
35
34
33
34
34
35
34
34
35
36
35
34
35
35
35
35
40
35
34
34
35
34
34
34
35
34
35
35
34
34
34
35
34
34
34
35
35
34
35
34
34
34
35
35
35
34
34
34
34
34
34
36
35
35
35
34
34
35
35
35
34
34
36
34
34
78
35
37
35
35
34
36
35
49
35
34
35
34
37
35
35
35
34
34
34
35
35
36
35
36
36
35
36
35
35
35
35
35
37
35
35
36
36
36
35
35
35
35
35
35
35
36
35
36
35
35
35
35
35
35
34
35
34
34
34
34
34
35
34
34
35
35
37
35
34
35
36
34
35
35
35
35
35
34
34
35
36
35
35
34
34
35
34
34
35
34
36
35
35
34
77
35
34
34
34
35
35
35
35
35
36
34
37
35
34
34
34
34
35
35
34
35
34
34
35
34
34
34
34
35
35
34
34
34
34
35
35
34
35
34
34
34
35
34
34
35
34
34
34
34
35
34
34
35
34
36
34
35
34
34
34
34
34
35
34
34
34
35
34
34
35
34
36
35
34
35
35
35
94
34
35
34
35
34
35
35
36
35
34
34
34
35
35
34
34
35
35
36
35
34
35
35
35
35
34
34
35
35
34
34
36
73
37
72
67
70
68
45
43
45
43
43
42
41
42
41
40
38
39
36
36
35
35
36
35
35
35
36
34
34
34
35
35
34
35
34
34
35
34
34
34
35
34
35
35
34
34
35
34
35
34
34
34
35
34
34
35
34
34
34
35
34
34
35
35
35
35
35
34
36
35
34
35
34
35
35
34
34
34
34
35
35
35
34
34
36
34
35
34
35
35
35
34
35
35
35
34
36
35
34
34
34
35
35
35
36
35
34
35
34
35
35
34
34
34
34
35
57
47
41
47
40
40
39
40
40
40
38
35
35
34
34
34
34
35
35
35
35
35
34
34
35
34
