44
45
44
45
44
45
45
45
45
45
44
44
45
44
45
44
45
45
47
44
73
45
45
44
44
46
45
46
45
45
44
45
44
45
45
45
45
44
93
47
47
45
44
44
44
44
44
45
45
45
45
44
45
45
45
44
45
45
44
44
45
45
51
45
45
45
44
45
45
45
46
45
45
44
45
46
46
45
44
44
44
46
45
44
44
44
44
44
44
44
45
44
44
44
45
44
44
45
44
44
44
44
44
44
44
44
45
44
45
45
46
45
44
45
47
45
44
45
45
45
46
45
44
45
44
44
45
46
45
45
45
44
44
46
44
45
44
44
46
47
45
45
46
45
45
45
44
45
45
45
44
44
45
44
45
44
45
46
45
44
44
46
45
45
46
45
46
46
46
46
45
45
48
47
46
46
46
46
48
45
46
45
46
47
45
46
45
46
47
44
44
45
45
44
45
45
45
44
45
44
44
45
44
45
44
44
45
44
46
44
44
46
44
45
44
45
44
46
44
45
44
45
44
45
44
44
45
45
45
44
44
45
46
44
44
45
46
44
45
44
44
44
44
44
44
45
44
45
45
44
44
45
45
45
44
44
45
45
45
45
45
44
45
45
46
46
46
45
45
45
44
45
44
45
46
46
46
45
46
46
45
46
46
45
46
46
46
46
45
45
46
46
46
46
45
46
45
46
46
45
46
46
45
43
44
45
46
44
45
45
64
46
44
45
45
45
45
44
44
44
45
45
44
44
44
45
45
44
44
44
44
44
45
46
45
44
44
45
78
47
46
45
44
45
46
44
44
44
45
45
45
45
45
45
44
44
46
46
46
46
47
45
46
46
45
45
46
46
46
46
45
47
47
46
46
46
45
46
46
45
45
46
45
45
45
44
44
44
45
46
44
44
44
45
45
45
44
45
44
45
44
45
45
45
46
45
44
45
45
45
44
46
45
44
44
45
44
44
45
44
44
46
45
44
45
44
44
44
45
44
47
45
45
44
44
44
45
45
46
45
44
45
45
44
45
45
44
45
45
45
46
47
45
45
44
44
44
45
44
44
45
45
44
66
46
44
45
45
45
45
44
44
45
45
45
45
44
44
44
46
44
46
44
45
44
45
45
44
45
45
45
45
44
45
44
45
45
44
45
46
46
44
45
44
45
44
45
45
45
44
44
44
45
44
45
47
46
45
46
44
45
45
44
44
44
45
44
98
44
44
45
44
44
44
45
44
46
45
44
46
44
45
44
44
45
44
45
45
45
45
44
44
44
44
45
45
45
44
46
44
45
45
44
45
47
45
44
45
45
45
45
44
45
44
43
46
44
45
45
45
45
44
44
45
44
45
45
45
45
44
47
44
47
44
44
46
44
44
44
45
45
44
44
45
45
44
44
45
44
45
44
45
44
45
44
45
46
45
87
45
45
46
44
45
45
44
45
44
44
45
44
44
45
45
45
45
45
45
44
45
44
43
45
44
46
45
44
44
45
46
47
44
44
45
44
44
45
46
50
45
45
45
44
44
44
45
44
44
45
44
44
44
45
45
46
45
44
45
46
44
44
44
74
44
46
45
46
44
108
45
120
45
46
46
46
45
45
46
46
47
46
45
46
45
49
46
45
46
46
46
45
47
45
46
46
47
47
46
47
47
45
44
45
45
45
45
44
45
45
46
45
44
45
44
44
44
45
44
45
46
45
46
45
45
44
45
45
45
44
44
44
46
44
44
45
44
44
45
44
45
45
44
44
44
46
45
44
45
44
44
44
45
45
44
91
45
45
44
45
45
45
45
46
45
44
45
44
44
45
46
45
44
44
45
44
44
44
44
45
44
45
45
44
45
47
46
46
46
45
46
45
45
45
45
78
48
46
45
45
46
45
45
45
47
45
46
47
45
46
45
45
45
45
46
46
45
46
45
46
46
46
46
46
46
46
45
45
45
47
46
46
46
46
46
46
45
46
46
47
59
44
45
45
44
44
45
44
46
45
44
45
44
45
44
44
45
46
44
45
45
44
44
44
46
45
44
46
47
46
46
45
45
45
46
47
46
47
46
46
45
48
46
45
46
46
46
47
46
45
45
46
46
45
45
46
44
45
44
45
44
45
44
45
44
45
46
45
46
45
45
45
45
45
45
44
45
45
45
45
45
45
45
44
46
45
44
45
45
44
45
46
45
44
45
44
46
44
45
45
45
45
45
44
45
45
45
44
44
46
44
45
44
44
46
45
45
45
44
44
44
46
44
45
45
45
45
44
45
45
44
45
45
44
44
44
45
45
46
46
46
