61
62
60
61
61
60
60
61
61
61
60
60
61
60
62
61
61
60
61
60
62
61
61
60
60
61
60
61
61
60
62
62
61
61
61
61
61
60
60
61
61
63
60
61
60
62
61
60
60
60
60
59
59
58
59
60
60
60
60
61
59
60
59
58
60
58
59
59
59
59
60
59
59
58
60
61
59
59
59
78
59
58
67
60
63
60
60
60
59
59
59
59
60
60
59
58
59
61
60
59
59
61
61
60
61
60
62
61
62
60
61
63
60
61
60
61
61
61
61
61
60
61
60
61
61
61
61
61
60
59
58
59
122
61
59
59
59
60
59
58
59
60
58
59
59
59
60
60
60
59
59
60
58
58
60
59
60
60
60
62
62
59
60
58
60
59
59
59
59
59
60
59
60
60
59
59
59
61
59
59
59
59
59
60
59
59
59
60
59
60
59
60
59
59
60
58
60
59
60
59
63
60
110
60
64
61
61
62
61
60
60
60
61
60
60
60
62
61
63
61
60
61
61
61
61
61
61
60
62
62
62
59
60
59
61
59
59
59
59
89
62
59
60
61
59
60
59
59
58
60
58
59
59
59
59
59
59
60
59
129
59
60
59
59
125
61
59
60
63
60
59
60
59
59
59
59
59
59
61
60
60
60
62
61
61
61
61
61
60
61
61
63
60
61
60
61
63
60
60
60
60
61
60
61
60
60
60
59
59
60
103
59
59
59
59
59
60
61
60
59
59
59
59
59
59
59
60
59
59
59
61
60
60
59
59
59
60
83
60
59
60
59
60
59
59
59
60
61
59
60
59
59
59
60
60
60
60
61
61
63
61
60
61
62
61
61
62
61
61
62
61
60
60
61
60
61
60
60
62
60
60
63
62
59
61
60
79
59
58
61
59
123
60
59
58
58
59
59
62
59
60
60
59
60
60
59
58
58
59
60
60
59
59
59
59
65
60
59
59
61
59
59
60
60
61
60
59
59
59
60
59
59
60
108
60
59
60
59
60
59
59
59
59
60
113
60
61
60
58
59
60
81
59
59
59
60
59
59
60
67
62
61
61
60
62
60
60
61
61
62
62
60
60
60
60
61
61
60
62
61
69
61
62
62
60
62
61
60
58
59
59
59
64
58
59
59
59
59
60
59
59
59
59
60
59
59
59
60
74
61
62
81
62
61
62
63
61
60
61
61
63
60
62
61
61
61
60
61
62
60
63
61
60
62
61
60
60
60
59
61
62
60
59
59
58
60
62
60
59
59
59
59
60
60
59
59
59
59
58
58
60
59
59
60
59
59
59
59
59
59
59
60
60
59
59
60
59
59
59
59
60
61
60
59
59
60
59
60
60
98
59
60
59
59
60
59
59
59
59
60
59
58
59
59
59
61
59
58
58
61
59
59
59
59
60
59
60
60
59
60
60
59
59
59
59
59
91
60
61
60
59
59
60
61
59
59
59
61
60
60
102
61
60
63
61
60
61
60
62
61
61
60
61
60
60
61
60
61
60
61
61
60
61
60
63
62
61
60
62
60
59
60
59
59
59
59
59
59
59
60
59
60
60
59
60
60
59
59
59
59
59
118
62
59
59
61
61
60
60
61
61
61
60
60
61
61
60
61
61
62
60
60
67
61
60
62
61
61
61
62
61
59
59
59
60
59
58
59
58
60
59
59
59
59
59
59
59
60
58
59
59
58
59
59
59
59
59
58
59
60
59
58
59
59
59
59
59
60
59
59
59
58
58
59
60
61
58
59
58
59
59
60
61
59
60
58
60
59
61
60
59
60
59
58
58
61
59
60
59
89
60
59
59
60
60
62
59
59
59
59
59
59
58
59
59
60
59
60
97
81
60
59
59
60
59
59
59
59
59
61
59
59
60
58
60
63
60
61
63
62
60
61
61
62
61
60
61
61
61
60
62
61
60
62
61
61
61
60
60
61
60
59
59
59
58
87
59
59
58
60
59
60
59
61
59
59
59
58
59
59
60
59
59
59
58
60
61
59
59
58
60
59
59
60
59
60
60
61
61
58
60
59
60
59
59
59
58
60
60
59
59
59
59
59
58
60
58
59
60
60
60
60
59
59
61
60
59
59
59
59
60
59
58
60
59
59
59
60
59
60
59
59
59
59
59
59
59
59
59
59
60
59
59
60
61
59
60
59
58
58
59
60
58
61
59
59
60
60
60
61
61
59
60
59
59
59
59
59
61
60
58
60
59
60
58
58
59
62
59
59
60
59
61
60
59
61
60
59
60
59
59
60
60
59
59
59
59
59
59
59
