66
66
66
66
66
67
67
66
66
67
66
66
67
66
66
66
67
66
66
65
66
66
66
66
68
66
66
66
68
67
66
69
67
71
67
66
68
67
67
67
67
67
68
67
68
69
67
139
67
68
66
69
66
67
66
66
68
68
68
68
69
68
70
68
68
69
69
68
68
68
69
68
68
70
68
70
69
68
68
69
68
67
66
67
67
65
67
67
68
67
67
67
66
96
66
67
68
68
68
66
66
66
66
66
66
66
66
67
66
66
66
66
66
67
66
65
66
66
66
66
70
66
66
66
66
66
68
66
66
66
67
66
67
67
67
67
68
67
66
139
70
66
66
67
68
66
67
118
68
66
67
67
67
68
68
68
69
69
69
69
68
68
67
68
67
68
69
68
67
69
68
69
69
68
67
69
69
68
68
66
66
67
168
67
68
68
66
67
66
66
68
66
66
66
66
68
67
67
67
69
66
67
70
67
67
67
66
67
67
66
66
66
66
66
66
66
67
67
66
66
67
66
66
96
67
67
69
68
66
66
66
66
66
66
68
66
66
67
66
67
67
66
66
66
66
68
67
67
66
67
66
66
67
67
67
66
66
66
66
67
68
67
66
66
67
66
66
68
66
69
67
67
70
68
67
66
67
66
66
66
110
67
69
70
67
66
67
67
68
66
66
66
66
66
66
67
68
66
66
66
65
66
66
68
66
71
66
68
67
67
67
66
67
67
66
67
66
66
68
67
67
66
66
68
67
67
93
68
66
67
66
66
66
68
67
66
66
66
65
67
82
66
66
66
67
66
98
75
66
67
66
67
66
65
66
67
66
67
66
67
66
69
67
66
68
66
66
66
67
65
66
66
66
69
67
68
66
67
68
98
67
67
67
66
66
67
67
66
108
88
75
66
66
67
67
67
66
66
70
68
66
66
66
67
66
68
66
68
68
66
66
66
67
66
66
66
67
67
67
67
66
66
68
92
67
69
110
67
83
104
67
67
66
67
67
67
69
66
66
67
66
68
69
69
70
69
68
68
70
68
69
68
69
68
68
69
69
68
67
68
68
68
68
69
68
68
68
66
66
66
66
67
66
67
67
65
66
66
66
66
67
68
66
67
68
68
66
65
68
67
66
67
66
66
89
66
65
66
67
66
67
67
67
67
69
67
67
67
67
68
66
102
66
67
67
66
67
67
67
68
68
68
67
67
67
67
67
66
66
67
66
66
66
67
66
67
108
66
66
67
69
68
69
68
69
68
71
68
69
68
68
70
69
68
68
68
68
68
67
67
68
68
69
68
66
66
66
67
67
66
94
68
67
156
67
67
66
66
68
66
66
66
67
67
66
66
66
66
67
66
66
66
66
67
68
67
67
67
66
67
66
67
67
65
69
66
66
67
66
66
67
66
66
65
66
67
66
66
66
67
66
71
66
66
66
67
67
66
68
66
66
67
66
67
65
67
67
67
66
66
67
67
66
67
66
67
67
66
67
65
67
66
66
66
67
66
66
88
75
75
65
67
67
66
66
67
67
66
67
66
67
68
68
67
67
66
67
67
66
66
66
67
66
67
67
66
136
68
67
66
66
67
65
66
66
67
67
67
66
66
67
66
67
68
66
67
67
66
70
67
66
66
66
66
66
66
67
67
68
66
65
67
67
67
66
68
66
68
66
66
66
66
67
66
67
67
66
67
68
109
67
67
67
66
66
67
66
67
67
67
66
66
66
67
67
67
67
67
67
67
66
66
66
66
67
70
66
66
67
65
67
68
66
67
66
67
66
69
66
67
66
66
66
67
67
66
67
66
67
67
67
67
67
66
67
67
66
66
67
67
67
66
67
66
67
66
67
67
66
69
67
66
66
66
68
67
66
67
66
66
66
66
67
66
68
67
66
67
66
67
67
66
66
67
66
66
66
66
67
66
66
66
67
67
67
66
66
68
66
67
67
66
67
67
66
65
66
66
67
66
66
67
66
66
67
66
66
67
66
67
66
66
67
67
67
66
66
66
66
67
66
67
67
67
65
66
66
66
66
66
67
67
68
67
67
66
66
66
68
75
67
160
67
66
66
66
66
66
66
66
67
69
68
67
66
66
67
68
67
67
66
68
66
66
66
66
67
66
66
67
66
66
67
68
67
66
66
67
66
66
67
68
66
66
65
68
65
66
66
69
65
66
67
66
67
67
66
67
69
67
67
67
67
66
66
67
66
67
67
67
66
66
66
66
66
66
66
67
69
66
69
66
67
66
67
66
67
69
67
66
67
67
66
67
67
66
66
68
66
66
