72
72
73
143
72
74
72
73
73
72
73
73
73
72
72
72
73
72
73
73
72
72
72
72
73
73
73
73
74
74
72
72
72
72
73
72
72
72
73
72
72
72
74
72
72
71
72
73
72
72
72
73
72
72
73
73
73
73
72
72
72
72
74
73
73
72
72
74
72
72
72
73
74
72
72
74
74
72
75
74
72
72
72
72
72
72
73
72
72
73
71
74
73
72
73
72
73
72
73
73
73
72
72
73
73
72
72
72
72
72
72
72
72
72
73
72
72
73
72
72
73
72
75
73
73
73
72
73
74
72
72
72
72
72
73
73
75
71
73
72
73
73
73
73
72
72
173
73
72
73
72
73
73
96
83
74
72
72
72
72
72
73
73
72
73
74
72
73
73
73
74
73
72
73
74
73
72
73
74
74
73
73
73
73
72
73
73
73
73
72
72
74
72
73
80
72
73
72
73
73
73
75
73
74
72
74
73
72
73
72
72
73
72
73
72
73
74
72
72
72
72
72
72
73
74
72
73
72
73
72
73
75
73
72
72
74
72
72
73
74
115
73
73
72
73
73
74
72
72
72
73
73
75
73
77
74
71
72
73
72
73
73
72
73
72
72
101
72
74
72
72
72
71
72
74
73
73
73
73
73
75
73
73
72
72
73
73
74
72
72
74
73
72
75
74
72
72
72
72
72
72
72
72
74
73
75
74
72
73
72
72
72
72
72
74
73
72
73
72
72
72
72
72
73
73
72
73
73
72
72
73
74
73
74
74
72
72
73
73
74
73
74
72
74
72
72
72
74
72
73
76
74
73
73
73
73
74
74
73
73
73
73
111
73
73
73
73
74
73
72
74
75
72
73
72
73
74
73
73
72
72
74
73
72
72
72
73
72
72
73
74
72
72
73
71
73
72
73
73
72
74
73
72
73
72
72
72
72
72
72
72
72
75
72
73
72
73
72
73
72
72
73
73
72
72
72
73
72
72
82
72
73
74
72
73
72
72
74
73
73
73
73
73
74
72
73
75
72
72
73
73
72
73
74
72
72
72
72
167
73
72
75
73
72
73
72
72
72
73
73
72
73
73
74
74
75
73
72
72
72
72
72
73
72
75
73
72
73
72
72
73
73
73
72
72
73
74
72
72
74
73
73
72
73
72
74
73
73
72
77
73
73
74
72
72
73
72
74
130
73
72
72
72
72
76
72
75
71
73
74
73
73
72
72
73
74
73
73
72
72
72
72
72
72
73
72
72
74
72
72
73
73
73
73
74
74
74
72
73
72
72
73
72
72
73
72
73
72
72
72
74
72
72
72
73
72
75
73
74
73
74
73
73
72
72
72
73
75
72
75
73
73
72
73
73
73
72
73
72
72
73
72
73
73
72
72
72
114
72
74
72
74
73
71
73
72
73
72
72
72
72
73
72
73
74
73
72
73
73
74
73
73
73
73
72
72
73
72
73
73
73
73
72
73
72
72
72
72
72
72
73
101
72
73
74
72
73
74
73
71
72
73
73
74
72
73
72
73
73
73
72
73
74
73
72
72
73
74
72
72
72
72
73
72
72
72
72
72
72
72
72
72
74
73
73
72
73
73
73
74
73
72
73
72
73
72
74
72
72
72
73
73
72
74
72
73
73
73
72
73
73
73
74
72
72
72
73
72
73
72
72
73
72
72
72
73
73
72
72
74
73
73
72
74
73
72
74
72
73
72
73
72
73
73
72
73
73
72
74
74
72
73
72
72
72
72
73
73
72
72
72
73
73
73
72
73
74
72
72
73
72
73
72
72
72
73
73
72
73
72
72
72
73
72
73
74
72
73
72
73
73
72
72
72
72
72
73
72
72
72
72
72
72
74
73
72
72
72
72
73
73
73
72
74
73
80
73
72
72
72
74
73
74
109
73
73
71
72
74
73
75
74
75
74
74
74
76
75
75
74
74
74
74
74
74
75
74
75
74
73
75
77
75
72
72
73
72
72
72
72
72
73
71
73
72
73
72
73
72
72
119
73
73
72
73
74
72
72
73
72
117
73
72
73
72
72
72
72
76
73
73
72
73
73
72
73
72
72
74
73
74
72
72
74
76
72
73
73
73
74
72
73
72
73
73
73
73
75
73
73
73
72
73
72
73
74
73
73
132
72
72
74
72
73
72
73
73
72
73
72
72
72
72
73
73
72
72
72
72
73
75
72
72
73
73
73
72
73
73
73
134
73
72
73
74
74
72
75
74
75
75
75
76
75
74
74
75
74
75
74
75
74
75
75
73
74
76
74
73
74
