93
95
94
95
94
92
94
94
92
105
94
96
95
93
96
93
94
94
94
93
94
94
94
94
93
94
93
94
123
106
93
94
94
95
93
93
94
95
93
93
93
94
94
94
93
93
95
94
95
94
96
95
95
97
94
95
94
94
93
95
93
94
95
97
96
97
96
96
96
96
99
98
95
96
98
97
97
96
96
96
97
96
96
97
95
94
93
94
94
93
95
94
94
94
93
95
94
94
93
93
95
94
94
94
94
94
93
94
94
94
94
93
94
94
94
93
94
93
94
92
94
94
93
93
94
94
93
94
92
91
92
91
91
91
92
92
92
92
93
91
91
91
91
91
91
93
91
93
92
92
94
94
93
94
95
95
94
93
93
94
94
94
93
94
93
95
94
93
93
94
93
93
94
94
94
93
94
94
93
95
93
95
93
96
94
93
96
94
95
94
93
97
94
93
95
94
94
93
93
94
94
93
93
95
93
93
93
94
93
94
95
93
94
94
93
93
93
94
95
93
94
93
93
95
93
93
94
94
95
93
95
95
141
96
95
97
96
94
94
94
94
94
93
93
94
94
94
94
94
94
94
94
94
93
95
94
93
93
93
96
94
94
93
93
95
95
95
95
94
95
94
94
93
93
93
93
93
94
94
95
94
94
94
93
94
94
94
95
94
94
94
94
94
123
93
92
94
94
224
95
96
98
96
97
96
96
97
96
95
98
96
96
95
97
96
97
97
95
96
96
98
99
94
94
94
95
94
94
93
93
94
93
95
94
94
94
94
93
94
94
94
94
93
94
95
100
93
94
96
94
93
95
94
94
95
93
93
94
93
94
94
93
95
94
93
95
94
93
93
94
95
95
96
95
94
93
94
93
94
94
93
93
95
95
94
95
94
96
96
97
98
97
103
117
95
97
98
97
98
96
95
96
97
96
96
96
97
97
96
97
97
97
96
95
95
96
96
98
98
97
96
98
95
96
97
95
96
96
96
94
93
95
93
96
94
94
94
94
95
93
94
95
93
94
108
94
95
95
96
94
94
93
97
97
146
94
96
96
94
94
93
94
94
93
95
94
93
94
95
94
94
93
95
94
94
94
95
94
94
93
94
95
93
94
94
95
96
93
93
95
94
95
94
94
93
93
94
94
94
94
94
96
94
94
94
93
95
93
94
95
95
94
95
94
94
94
93
94
93
95
94
111
94
93
93
94
93
93
94
93
95
94
94
94
96
94
94
93
94
94
95
93
94
97
94
95
94
94
94
93
95
94
93
94
94
94
94
94
94
94
137
93
94
95
94
96
94
96
95
94
96
96
94
93
98
93
94
93
95
97
93
94
94
93
95
93
99
94
95
95
95
93
115
94
93
93
122
93
95
93
96
96
95
95
98
97
96
97
98
98
95
97
97
99
97
97
96
96
98
96
97
94
94
93
94
94
95
95
94
98
94
93
96
135
94
93
93
94
93
94
96
93
92
94
94
93
94
94
94
94
93
94
94
94
95
94
136
94
96
93
94
181
98
94
96
97
97
95
95
95
96
95
97
96
96
96
95
97
96
96
96
95
98
95
96
96
95
93
94
95
94
93
94
94
94
94
93
93
96
97
94
95
95
94
94
94
95
96
101
96
93
95
93
95
94
94
94
94
93
94
98
95
93
93
94
120
95
96
96
96
97
97
97
97
96
97
96
96
95
96
96
97
96
96
95
97
96
96
96
95
94
94
93
94
94
93
93
96
94
94
94
94
94
94
95
97
93
94
94
93
94
94
94
93
134
94
94
94
94
191
97
94
93
94
94
175
94
93
95
93
93
95
95
93
95
99
94
94
93
94
95
95
93
94
95
94
94
94
95
94
93
96
94
93
94
94
94
94
93
93
93
96
92
93
94
93
95
94
94
93
160
147
95
93
93
94
94
93
93
93
93
102
94
100
95
94
94
95
95
94
93
93
96
94
93
94
93
94
95
94
93
93
95
93
94
94
94
94
93
95
93
93
93
94
93
95
96
94
97
166
94
93
94
94
94
93
94
93
94
95
94
92
93
94
106
110
100
95
96
96
98
96
95
96
102
95
98
95
97
95
96
98
97
96
95
96
96
95
123
92
94
93
103
95
93
94
94
93
94
94
95
93
93
95
94
95
94
94
93
94
96
94
138
94
94
93
94
95
94
93
94
93
94
95
94
95
95
95
95
110
94
95
97
97
96
97
96
96
96
96
95
98
95
98
96
97
95
96
96
95
95
96
136
163
94
94
95
95
96
95
94
93
94
94
94
97
94
94
95
94
