109
108
109
107
109
109
108
148
107
109
109
113
110
106
106
109
110
106
108
106
108
107
109
111
110
111
109
110
112
110
110
109
111
109
110
109
110
110
110
109
110
111
113
109
108
107
107
109
108
109
108
109
109
109
107
108
107
108
107
108
106
108
108
106
106
108
107
107
107
108
109
108
106
106
108
110
110
108
108
109
108
109
111
107
110
110
111
109
114
110
110
110
112
109
111
110
109
110
111
109
110
109
110
110
107
111
110
108
109
107
108
108
108
107
108
109
110
108
106
108
108
107
106
108
110
106
154
107
109
107
107
111
107
107
109
108
108
108
106
107
109
106
108
108
108
107
107
106
108
107
108
109
109
108
108
107
106
109
107
107
108
108
107
109
108
107
107
107
108
108
108
108
107
177
108
108
107
107
106
106
108
109
107
109
106
107
109
108
109
107
106
106
109
108
107
110
107
108
109
108
108
107
107
108
108
106
109
108
106
108
130
110
106
106
109
108
109
107
110
107
106
108
107
106
107
106
107
108
108
109
107
110
108
107
106
107
109
132
107
108
108
110
106
107
109
109
108
106
109
106
110
108
109
109
107
108
108
107
108
107
107
108
109
108
107
109
111
107
108
107
108
107
107
109
106
108
110
108
106
109
107
106
107
106
112
108
110
108
107
109
106
108
107
108
108
110
106
107
107
108
107
107
107
107
108
107
107
108
107
107
202
108
109
108
107
109
108
107
108
106
108
109
109
109
123
143
123
107
109
108
107
106
109
107
107
108
109
109
107
108
107
137
106
107
158
107
107
108
107
108
107
106
110
108
109
108
107
109
108
108
107
107
109
108
110
108
110
107
108
108
108
109
109
108
108
108
107
106
106
108
107
108
107
108
108
107
109
108
107
107
107
108
109
107
106
106
106
106
107
107
109
106
110
108
106
107
108
107
108
108
108
111
110
107
109
107
110
108
106
109
108
109
107
109
107
137
107
109
109
106
109
108
108
108
106
109
108
108
108
107
108
108
110
107
135
108
108
109
115
108
108
107
108
108
109
108
108
106
108
110
109
109
107
110
106
109
108
108
109
108
106
108
107
107
106
109
108
108
106
108
108
109
108
106
106
107
110
108
107
107
106
106
105
104
104
106
167
151
107
104
105
106
106
107
105
107
130
141
123
216
108
109
108
112
109
106
108
109
108
106
106
106
108
107
107
106
108
108
106
107
108
108
110
108
189
107
108
107
106
110
107
108
106
109
107
107
111
107
108
109
109
109
124
108
107
106
106
109
107
108
108
107
107
108
109
108
223
123
108
109
108
108
109
108
107
159
108
108
110
109
107
107
108
107
107
108
108
106
107
108
107
106
108
108
109
108
107
108
106
107
109
107
107
108
108
107
107
108
107
108
109
107
111
108
109
108
108
113
109
108
108
108
108
107
109
106
109
109
109
108
107
107
106
108
108
107
109
109
108
109
107
109
107
108
108
107
108
109
107
110
107
107
106
108
107
107
108
107
109
108
106
107
108
108
107
108
107
106
107
107
109
107
108
106
109
107
109
107
108
107
108
106
109
107
107
109
107
108
107
108
108
109
109
106
107
107
108
108
107
185
108
108
107
109
110
107
109
107
108
106
108
106
108
110
108
108
109
109
108
110
109
106
109
108
107
107
108
109
108
109
111
107
108
107
106
110
107
107
109
108
106
108
112
110
108
106
108
108
106
108
108
107
107
106
109
109
108
107
107
108
108
108
108
106
108
108
123
108
107
108
107
106
108
106
108
108
223
143
121
110
108
107
112
106
107
110
108
109
107
110
108
109
108
108
108
107
108
108
109
107
109
107
110
108
106
108
109
109
109
107
107
106
109
108
109
109
108
110
109
106
108
106
106
109
106
107
108
106
107
106
108
110
107
106
107
108
108
108
109
108
109
108
109
110
106
141
109
108
109
108
106
108
107
110
106
107
108
109
107
108
107
108
107
106
107
106
109
109
106
108
108
109
107
109
107
108
107
108
108
107
108
108
108
107
106
108
106
108
138
110
110
109
106
107
107
109
107
110
109
108
108
108
106
109
106
107
108
108
108
107
109
206
109
107
107
108
109
108
108
107
107
108
108
108
106
109
108
143
122
107
109
108
110
106
110
107
107
107
109
107
106
106
109
108
108
108
108
108
108
106
109
108
109
108
109
107
108
108
109
107
108
109
107
108
108
107
107
107
107
108
107
108
107
106
108
109
107
109
107
108
109
109
106
108
107
108
108
108
108
107
108
109
108
109
139
108
106
108
108
108
