131
132
131
177
148
132
132
130
132
132
132
131
135
132
132
132
129
131
130
135
131
131
133
132
131
131
132
131
131
132
132
130
131
131
132
131
132
131
131
178
149
136
130
131
131
135
131
132
131
136
132
130
131
128
129
128
128
129
185
132
129
128
130
127
128
127
130
128
132
128
128
144
134
129
131
131
133
128
131
131
130
132
132
130
132
131
131
132
130
132
132
128
128
127
131
127
128
126
127
129
128
127
129
128
129
128
126
128
125
129
131
134
132
132
136
134
153
131
137
158
158
163
164
158
157
154
150
134
131
132
132
130
130
130
132
132
131
130
131
132
131
131
132
132
131
131
131
131
183
131
132
131
136
135
132
132
130
133
132
131
130
132
134
131
131
131
128
127
128
129
129
129
129
125
128
128
127
129
128
127
129
127
127
128
128
128
125
129
141
127
127
128
132
128
128
127
129
129
127
131
129
129
128
129
142
131
134
131
132
132
134
132
132
132
133
132
131
131
132
132
131
128
134
130
131
131
134
131
199
133
129
137
134
132
133
129
131
130
134
131
131
131
135
131
132
135
133
128
132
130
133
131
132
132
134
132
131
131
131
130
132
131
131
130
130
130
132
131
131
134
132
132
135
131
131
132
131
130
131
134
132
131
131
131
128
131
131
132
131
131
131
132
130
131
132
132
132
132
131
131
128
128
158
129
131
128
129
128
128
127
130
130
127
129
127
132
127
127
128
131
132
135
130
131
131
238
132
131
130
130
131
131
132
132
133
130
131
132
130
132
135
130
131
132
132
131
132
131
129
132
131
130
132
131
132
131
133
132
132
128
129
128
129
133
129
128
127
127
127
130
128
129
129
127
128
129
128
134
130
132
130
131
132
131
132
133
133
131
132
134
129
131
130
129
131
135
131
129
129
129
128
128
128
128
128
131
127
128
128
128
129
129
128
131
128
128
132
132
130
131
131
131
131
131
131
131
131
135
132
132
130
131
131
131
132
131
130
134
133
131
130
131
132
131
131
131
130
135
132
131
132
130
135
131
130
127
128
128
129
129
128
128
129
128
129
129
127
127
128
129
127
128
127
128
130
131
131
131
130
130
132
131
132
131
131
132
130
131
132
131
131
131
132
128
129
128
127
128
236
132
128
129
129
128
128
129
128
129
223
129
127
138
136
135
136
134
134
136
135
135
135
136
133
134
136
135
136
133
134
137
150
130
132
130
131
130
132
131
131
131
131
131
134
132
131
131
130
135
131
131
132
136
135
130
131
133
132
131
133
133
130
132
130
134
131
134
133
134
138
135
135
134
136
134
134
135
135
134
135
134
136
135
134
136
134
167
135
132
130
130
132
211
132
131
133
133
130
131
132
132
132
131
132
132
129
133
132
133
134
135
132
131
129
132
136
133
133
133
130
132
132
133
132
194
138
136
135
135
136
136
134
134
138
134
135
134
135
134
135
134
173
133
131
135
131
132
130
132
131
152
131
132
131
130
131
128
130
133
130
132
132
136
135
136
134
135
136
136
135
134
136
135
135
135
133
135
134
134
134
135
135
134
134
136
135
136
134
137
132
134
136
135
136
137
134
134
135
132
132
135
135
135
136
134
135
135
134
135
135
135
135
136
135
133
133
135
135
135
131
131
133
131
129
135
132
131
131
132
131
130
130
131
182
132
131
137
131
137
133
169
136
135
133
135
135
131
133
134
134
135
135
135
134
134
134
131
132
131
131
131
135
132
131
133
131
131
131
133
130
132
132
130
133
133
131
130
133
131
131
170
131
131
129
132
131
131
131
132
132
173
129
138
134
133
134
136
135
134
171
135
134
133
136
134
136
135
136
133
134
134
131
132
129
135
131
131
131
134
132
133
131
132
130
132
132
130
131
131
131
130
130
131
130
131
131
131
187
130
130
130
131
132
134
132
132
128
132
133
134
134
133
136
134
133
136
134
146
135
135
139
136
134
134
135
135
139
136
132
132
133
130
131
131
132
131
132
130
131
131
130
131
130
135
131
130
133
131
217
129
131
130
130
131
131
131
130
130
132
132
134
132
135
168
130
135
135
133
135
134
134
134
132
220
174
153
136
134
135
136
135
135
128
132
132
133
131
134
131
130
131
132
131
132
135
134
131
131
130
132
135
131
132
131
133
131
131
132
129
131
134
131
130
163
132
131
131
132
184
134
135
133
136
135
135
136
135
135
135
134
135
136
134
134
137
135
135
136
134
130
129
131
130
130
131
176
131
132
131
133
135
130
130
131
132
133
133
131
132
133
132
