240
241
241
229
229
229
228
228
230
228
231
229
230
230
229
228
229
229
229
231
229
228
229
228
231
229
296
229
264
230
229
334
229
232
402
322
229
241
241
240
240
242
240
241
240
242
239
240
242
240
241
241
241
241
235
235
235
234
235
236
235
234
235
235
236
235
234
234
235
235
235
235
233
235
237
233
235
233
235
234
311
267
235
234
237
235
235
234
234
236
234
236
481
310
269
236
235
235
235
234
234
234
235
233
235
236
234
233
237
234
234
279
236
235
234
235
237
236
265
234
234
237
234
235
234
235
234
235
234
235
233
234
234
234
236
234
234
234
235
234
235
251
235
235
235
236
234
235
234
235
235
236
234
236
235
236
234
236
234
234
237
305
235
235
235
234
235
234
234
234
235
233
235
234
234
234
236
234
238
234
235
233
234
235
235
234
237
233
235
234
234
235
236
234
235
236
235
235
235
236
234
234
234
234
233
235
234
245
235
237
236
234
234
235
299
235
235
236
235
235
234
235
235
236
234
235
235
234
235
235
235
235
234
235
283
234
234
235
234
234
234
235
235
235
237
234
233
234
233
235
234
235
235
234
234
234
234
236
237
234
234
235
234
234
234
236
234
234
233
233
234
234
237
234
263
278
236
234
235
235
235
236
235
234
234
233
234
234
234
233
235
233
234
235
235
235
374
235
246
235
285
235
247
234
234
233
235
236
236
235
236
234
235
235
235
234
233
235
234
235
234
235
234
235
234
234
234
235
236
235
234
316
235
235
234
236
481
310
268
235
234
235
235
236
235
235
233
234
234
234
235
236
234
234
234
234
234
234
236
234
234
234
235
235
234
235
234
234
235
237
229
229
230
228
229
235
228
231
231
380
229
229
228
228
229
230
234
235
234
234
236
235
236
238
329
235
233
234
234
235
234
234
237
234
234
234
234
233
235
237
234
236
235
234
284
234
234
235
237
235
235
233
234
235
234
236
235
236
281
237
234
233
234
406
239
235
235
234
234
235
234
233
234
234
236
235
235
235
235
237
237
235
235
235
242
276
274
268
248
235
233
235
234
238
235
234
235
233
235
233
235
236
235
234
235
234
234
235
349
235
235
234
235
236
236
234
234
235
446
247
248
240
239
241
239
240
245
243
240
241
242
239
240
240
239
241
241
242
229
228
227
230
228
230
230
229
229
229
228
229
229
228
228
230
342
230
236
235
235
234
234
234
236
234
234
234
235
235
235
234
234
234
236
234
235
234
235
235
234
280
235
234
234
234
278
234
234
235
234
234
236
303
236
236
236
234
235
236
235
234
234
234
234
235
234
234
235
236
234
234
342
234
237
235
236
241
235
234
234
234
234
234
235
234
235
242
234
234
449
237
235
286
235
240
234
235
234
234
234
234
236
236
235
235
235
236
234
238
235
234
234
234
237
234
236
235
235
236
236
234
234
234
234
236
234
251
236
234
235
237
234
234
235
235
234
242
235
234
235
234
235
236
233
235
236
235
236
235
235
234
236
234
235
234
238
234
234
234
235
235
235
235
234
235
234
237
235
238
235
234
236
234
237
234
230
230
229
228
229
230
284
232
271
228
229
236
310
234
235
229
228
234
235
235
235
235
235
233
234
236
236
234
234
237
234
235
234
236
235
235
235
234
235
235
234
234
236
235
235
237
235
234
234
235
235
234
234
236
234
234
235
236
235
235
233
235
234
235
234
234
234
238
235
234
235
234
235
235
235
235
234
237
234
236
235
234
235
235
234
234
235
234
234
234
234
234
234
235
234
234
234
236
235
236
235
235
235
234
234
234
235
234
234
234
235
234
234
233
234
234
233
235
234
235
235
233
234
229
230
229
228
229
228
229
229
229
228
229
274
229
229
228
230
230
228
228
230
231
229
229
230
228
228
229
229
229
228
229
229
230
229
229
229
236
234
234
235
234
236
235
235
235
234
234
235
313
236
234
234
234
234
235
234
235
234
235
236
235
234
235
235
234
236
234
236
234
235
235
235
235
235
234
235
234
234
234
235
234
236
234
235
236
234
234
236
237
229
229
279
228
228
236
228
228
229
229
229
230
229
229
230
228
229
228
237
235
234
234
235
233
234
235
234
237
235
236
235
237
239
236
235
236
236
234
234
235
234
234
234
234
234
235
235
234
239
233
233
234
234
239
231
229
319
229
230
229
228
228
229
230
229
228
229
228
229
334
229
234
236
235
237
235
234
234
234
234
235
234
234
233
234
235
234
234
235
234
234
234
236
234
235
235
235
234
235
234
235
235
234
235
