37
37
37
38
37
36
37
36
36
38
37
36
37
36
39
36
36
39
37
37
37
36
36
37
37
37
36
37
36
37
37
36
37
38
36
37
67
37
37
36
36
35
36
36
35
36
36
41
36
36
35
35
35
36
36
35
35
35
36
36
36
36
36
36
35
36
35
36
35
36
37
36
36
36
35
37
37
36
36
36
35
36
37
36
36
38
37
36
37
35
36
35
35
36
36
36
35
36
36
36
35
44
53
35
59
36
37
36
37
37
36
37
36
36
36
36
37
37
37
37
37
37
40
36
36
37
36
37
37
36
36
36
37
37
37
38
38
37
37
37
37
37
37
37
37
40
37
40
38
38
39
39
39
37
37
37
37
36
36
37
37
36
36
36
36
37
38
37
37
37
37
36
36
40
36
36
37
39
39
39
37
39
37
42
37
37
37
39
37
38
37
37
40
36
36
37
37
36
36
36
36
36
37
37
36
36
36
37
36
36
36
37
36
37
36
36
37
36
37
36
37
36
36
36
36
37
36
38
37
36
37
36
38
37
36
36
37
36
35
36
35
36
35
36
35
36
36
35
35
36
36
35
36
35
36
35
35
36
36
35
36
36
35
36
35
36
36
36
36
36
38
36
36
36
36
36
74
37
37
37
35
36
36
35
35
35
36
36
36
36
36
50
36
36
36
36
36
35
36
38
38
36
36
36
36
36
38
37
36
37
37
38
37
36
36
37
37
37
36
37
38
36
37
36
36
36
37
37
37
37
37
36
37
38
37
36
36
36
37
36
37
36
37
36
39
37
37
38
36
37
37
37
36
36
37
37
37
37
36
36
36
36
37
37
37
36
37
37
37
37
36
36
36
36
35
35
35
36
35
38
36
36
54
35
36
36
36
35
35
36
35
35
35
36
36
36
36
35
36
36
35
36
36
36
35
35
35
36
36
73
40
38
39
38
37
36
36
36
53
41
40
38
38
38
36
37
37
36
36
36
36
36
38
36
35
37
37
36
36
37
37
36
36
37
37
36
36
37
36
36
36
36
36
37
37
37
36
36
36
36
37
37
37
39
36
36
36
37
37
36
36
38
36
36
37
39
36
37
36
36
36
36
35
35
35
36
36
36
36
36
36
36
36
35
36
35
36
35
36
36
36
35
35
35
36
36
36
35
36
35
37
36
35
36
35
35
35
36
35
36
35
35
35
35
36
36
35
35
36
35
35
36
35
36
36
36
36
36
35
35
36
37
35
36
35
36
35
36
35
36
35
36
36
36
35
35
36
36
36
36
36
41
41
73
41
41
41
38
37
37
36
36
36
37
37
37
36
36
36
36
36
37
36
37
36
36
36
38
38
37
36
36
37
36
36
36
37
36
36
37
36
36
37
36
36
36
35
35
35
35
36
36
37
36
36
35
36
36
36
39
35
36
36
35
36
36
35
36
36
35
36
36
36
36
35
36
36
35
35
35
35
81
35
35
35
36
36
35
36
36
36
36
36
37
36
36
36
36
36
36
35
36
36
36
35
36
35
36
36
36
36
36
37
35
37
35
36
36
36
37
35
36
36
98
35
35
35
36
36
36
35
35
36
35
35
35
36
36
36
36
36
35
35
36
37
36
36
37
36
36
36
36
36
36
36
36
37
36
36
37
36
37
36
37
36
36
36
37
37
37
37
36
36
36
38
36
37
36
35
36
35
35
36
36
36
36
36
36
36
37
35
36
35
36
35
35
36
36
36
35
35
35
36
73
35
35
35
35
36
36
36
35
36
35
35
61
36
36
35
36
37
35
36
36
35
36
35
35
35
36
36
37
35
36
35
37
35
36
36
35
36
35
36
36
36
36
37
36
36
36
37
37
38
36
36
37
36
36
39
37
36
38
37
37
38
37
37
37
37
38
37
36
36
36
36
36
37
36
36
36
36
36
36
35
35
36
36
36
36
36
35
36
36
36
35
36
35
35
35
36
36
36
36
35
36
36
36
36
36
36
36
36
36
35
36
36
37
36
35
36
35
35
36
36
35
36
36
35
36
35
36
36
36
36
35
35
35
35
35
36
36
35
42
40
57
35
36
36
36
36
35
36
36
35
36
35
35
36
35
35
36
35
35
36
36
36
35
36
36
36
36
36
36
36
36
35
36
36
36
35
35
35
37
36
35
36
36
36
35
35
36
36
36
35
36
35
35
36
35
36
36
37
35
35
35
36
36
36
35
36
35
37
35
35
36
36
35
36
35
36
37
35
35
36
36
35
36
36
36
35
35
36
35
35
35
35
36
35
36
35
