73
70
69
70
69
69
70
69
69
70
69
69
69
70
72
69
69
69
68
68
70
70
69
70
69
71
69
69
69
70
70
69
69
69
70
72
69
70
70
70
68
68
69
69
70
70
83
80
70
69
70
122
70
69
70
70
71
70
71
69
70
70
68
69
69
68
69
70
68
70
69
69
69
69
71
69
69
69
70
69
70
69
73
69
70
69
69
69
70
69
69
70
70
70
69
69
69
69
70
70
69
69
69
69
68
68
69
69
71
79
114
72
68
69
69
71
69
70
110
69
69
107
69
72
69
69
68
69
69
69
69
69
70
71
70
69
97
70
70
69
69
69
70
70
70
69
70
68
69
69
69
70
71
69
69
69
70
70
70
69
69
71
70
70
69
69
68
69
69
69
70
69
69
69
69
69
69
69
68
69
68
69
70
69
69
70
70
69
70
69
70
68
69
68
69
69
71
70
69
70
69
69
69
68
70
69
69
69
70
69
70
68
69
69
70
71
70
69
69
69
69
70
69
69
71
70
70
68
70
70
70
69
69
68
70
69
71
69
69
69
70
70
69
69
70
69
69
69
69
69
69
69
69
71
69
70
69
70
70
70
87
69
70
71
70
69
68
69
70
70
70
68
69
69
68
69
68
69
69
69
69
69
70
69
111
69
69
69
69
70
70
69
69
69
70
69
69
69
69
68
70
69
69
108
69
70
155
69
71
71
71
71
72
72
71
70
71
72
70
73
72
72
74
71
71
70
71
72
71
71
71
71
71
71
72
70
70
70
69
69
70
69
69
71
69
74
72
69
69
68
68
70
69
70
68
69
69
69
70
69
69
70
68
70
69
69
69
69
69
70
70
69
69
69
69
69
118
69
69
69
69
69
70
69
69
69
69
69
69
70
69
68
69
69
68
69
70
69
69
70
69
69
70
70
69
69
69
68
69
110
69
68
71
69
70
69
71
68
69
68
69
70
70
70
70
70
69
69
69
68
69
69
69
69
69
69
69
69
69
68
70
69
71
69
69
69
70
69
70
71
69
68
70
71
69
70
70
69
69
69
69
69
69
69
70
70
69
70
69
69
69
70
69
70
70
69
69
68
69
69
69
68
71
69
69
68
69
70
69
69
69
71
69
69
69
70
70
70
72
69
69
69
69
71
70
69
69
70
69
68
69
71
69
69
69
69
69
70
69
70
69
69
69
70
69
68
69
69
69
68
69
69
69
69
69
69
70
69
69
70
69
69
69
69
70
69
69
68
69
69
69
69
69
69
70
69
69
69
69
70
69
70
69
69
69
70
69
69
68
68
69
69
69
69
68
69
69
69
69
68
69
69
69
70
71
69
69
68
70
69
69
71
69
68
69
135
69
75
69
69
69
69
70
69
69
70
69
69
69
69
69
68
69
69
70
69
70
69
69
69
75
70
70
69
69
69
70
70
69
71
70
69
69
70
70
70
70
69
69
69
69
69
69
70
69
69
69
70
70
69
69
69
69
70
69
69
69
68
69
69
69
68
69
69
70
71
69
69
69
70
68
69
69
70
70
70
70
70
69
69
69
69
69
69
69
69
69
69
69
70
69
70
69
70
69
69
69
69
72
69
69
69
70
69
69
69
70
69
71
69
69
70
69
73
73
70
68
69
69
71
69
69
69
69
69
69
69
69
69
70
70
69
70
70
69
69
69
68
69
69
69
70
69
69
69
69
70
70
68
69
70
69
71
69
68
68
70
69
70
68
70
69
71
69
69
70
69
69
71
69
69
69
70
71
70
69
71
69
70
69
69
69
69
69
68
69
69
68
69
70
70
69
71
69
69
207
69
71
69
69
70
69
70
69
70
70
68
70
69
70
70
69
69
69
69
69
72
70
69
69
69
69
69
71
71
69
69
68
70
69
69
69
70
68
68
70
69
69
70
69
70
69
69
70
70
70
69
70
69
69
69
69
70
70
70
68
69
68
70
69
68
70
69
70
69
70
70
86
72
71
71
72
71
71
73
71
71
71
72
124
76
73
72
71
71
70
70
71
71
71
71
71
71
71
71
71
72
71
71
70
71
71
71
71
70
72
72
72
71
70
107
70
71
71
70
72
71
71
71
71
71
70
72
70
70
71
71
70
71
70
71
72
71
72
70
71
70
71
70
83
73
73
71
71
72
71
71
71
71
73
70
69
69
68
70
70
69
71
93
70
72
69
70
70
69
69
68
70
69
69
72
70
69
99
68
69
69
69
73
71
72
71
71
70
72
72
71
71
72
71
72
71
70
70
72
72
72
71
71
71
