93
93
92
93
92
92
90
90
90
90
90
90
90
90
89
89
90
91
89
89
90
90
90
91
90
91
90
90
90
89
90
89
91
90
90
90
90
90
90
90
90
90
90
129
90
91
90
90
92
90
92
90
90
90
92
89
90
92
92
92
92
93
92
92
93
92
92
92
92
93
93
92
103
91
94
91
92
93
93
92
93
92
92
90
91
91
91
93
90
90
90
90
90
93
90
91
90
91
91
91
91
89
90
90
91
90
91
90
93
92
94
92
92
95
93
93
94
93
94
93
94
93
93
95
93
94
97
92
92
92
92
92
93
92
92
90
91
101
102
100
104
93
90
98
103
120
119
122
106
120
106
108
102
100
93
92
93
92
92
93
94
92
92
92
93
93
93
92
93
92
102
119
102
104
96
94
92
92
90
90
90
89
90
90
90
90
90
89
90
91
91
90
90
90
92
90
92
91
93
91
90
89
90
92
93
92
92
93
93
93
92
113
93
92
93
93
92
92
92
93
92
93
92
93
118
93
93
93
94
92
92
93
95
92
91
93
94
92
92
92
91
93
93
92
92
92
92
92
95
93
93
92
92
95
90
91
89
90
90
90
89
91
89
90
90
91
90
90
90
90
90
91
91
89
90
91
90
90
90
91
91
91
91
90
90
91
91
92
90
91
91
91
89
90
90
90
89
91
189
90
90
90
91
91
90
93
93
91
93
92
93
92
92
92
92
92
92
93
93
92
91
92
92
92
92
93
92
92
93
92
144
90
90
90
116
92
90
91
90
90
91
90
91
90
91
90
90
91
90
90
90
89
90
91
92
89
91
91
90
92
90
90
93
90
91
91
90
89
91
91
90
91
90
92
91
89
91
90
110
91
90
92
92
94
94
94
92
93
93
94
92
93
93
93
92
92
92
93
93
92
92
93
93
93
92
93
92
90
90
89
90
90
90
91
90
91
170
96
93
92
98
104
121
103
99
103
102
103
103
102
102
102
105
102
96
91
92
90
90
90
90
104
95
95
91
90
90
101
90
90
90
90
91
91
90
90
90
90
90
89
90
90
91
90
90
91
91
90
91
89
106
102
104
102
111
104
106
106
103
102
103
103
103
99
96
95
93
93
93
94
92
92
92
92
92
93
92
92
92
89
90
91
90
90
91
128
103
103
98
98
103
121
103
120
102
97
102
100
107
106
106
102
102
105
103
104
107
110
105
106
129
106
102
102
98
91
90
89
90
90
91
89
91
119
103
98
93
90
117
127
91
90
90
90
90
90
89
90
89
90
90
90
92
92
91
91
90
90
91
89
91
92
90
90
150
90
91
91
90
90
91
90
90
91
89
91
91
90
90
90
91
90
90
91
90
91
90
91
90
90
90
92
91
90
91
90
89
122
90
90
90
90
90
91
91
91
93
94
91
92
92
92
93
97
95
95
97
92
92
92
92
93
92
92
92
94
92
92
93
93
99
90
90
89
90
89
90
91
91
90
90
90
90
91
90
90
90
91
90
92
90
91
89
90
90
90
90
91
91
89
90
90
91
91
90
90
91
91
104
91
90
91
90
91
89
90
90
92
90
90
90
90
90
90
90
90
90
132
90
90
92
90
91
91
96
94
91
91
89
89
90
90
90
90
90
118
94
94
90
92
92
94
92
92
92
93
93
91
92
92
92
92
92
93
93
92
92
94
92
92
92
91
93
92
92
90
90
89
91
90
90
90
90
89
90
90
90
90
90
90
90
92
90
90
91
90
90
92
90
91
90
90
130
90
90
90
90
90
90
90
91
89
91
90
90
91
90
90
92
90
89
91
90
90
92
90
90
91
90
90
89
93
91
90
91
90
91
90
91
90
89
90
92
90
90
91
91
90
91
90
90
90
90
89
90
91
90
90
90
90
89
90
90
91
89
90
90
90
91
90
90
180
90
90
91
90
89
90
90
91
90
90
91
90
91
90
90
89
90
90
90
90
91
91
91
91
91
89
90
104
91
90
90
90
90
90
90
103
97
94
92
107
89
90
90
91
90
90
97
90
90
91
91
92
91
91
89
90
89
90
91
91
90
90
90
93
90
90
92
90
91
91
91
90
91
92
90
90
104
119
102
185
118
102
102
135
90
89
90
90
90
103
90
90
90
89
91
92
90
90
90
89
91
90
92
90
103
90
90
90
91
89
91
91
91
91
124
91
91
92
90
91
90
90
90
91
90
90
90
118
90
91
90
94
93
92
92
93
93
93
92
92
92
92
92
93
92
93
93
94
95
98
92
92
92
92
94
92
92
90
