105
105
104
105
104
105
103
162
104
104
105
105
104
105
105
105
105
105
103
104
103
104
104
105
103
108
105
104
105
104
104
104
104
106
104
103
104
104
105
105
104
105
107
105
104
104
104
168
104
106
104
104
105
105
104
103
104
104
105
105
104
104
103
104
104
109
106
105
104
104
103
227
105
104
104
104
107
104
103
105
105
104
105
104
104
104
143
104
104
104
104
104
104
104
228
105
104
104
104
139
104
105
104
104
104
104
106
103
104
103
104
104
106
104
104
104
103
104
105
104
104
104
106
104
105
104
104
104
105
103
104
104
103
104
104
104
104
104
103
104
104
104
104
104
104
104
104
170
104
109
106
104
104
104
103
104
103
105
105
104
104
104
138
118
118
105
104
106
107
107
106
107
107
106
107
108
107
107
107
107
107
107
106
106
108
106
107
106
106
106
106
104
104
103
151
104
106
105
147
104
104
104
104
104
105
103
104
103
104
104
103
105
104
104
104
104
106
107
105
104
104
138
145
129
110
106
104
105
103
106
105
103
104
104
105
105
104
104
111
104
104
104
104
104
104
104
104
107
108
105
104
104
105
104
103
105
105
104
194
103
104
103
104
105
104
104
104
103
104
105
104
103
104
104
106
104
104
103
105
104
105
104
103
103
105
104
104
103
104
104
104
104
103
103
104
104
227
104
104
107
103
103
104
104
104
104
104
104
104
105
104
104
104
103
111
104
105
106
104
104
105
105
105
103
104
104
104
104
104
104
105
104
138
118
121
119
109
104
105
104
103
104
104
104
104
104
103
104
104
105
104
104
104
104
104
103
104
104
105
104
106
104
103
104
104
103
104
105
103
104
104
104
103
104
104
103
104
104
103
103
104
105
104
103
104
105
108
104
104
104
104
105
104
104
105
103
104
105
103
104
103
105
104
103
104
104
104
104
104
103
104
103
104
104
103
104
103
105
103
105
104
105
104
104
103
103
104
104
104
103
103
104
104
105
104
104
104
104
105
172
137
118
104
106
104
103
213
137
118
108
104
104
104
104
104
105
104
104
104
104
104
104
104
104
103
104
104
104
104
105
105
104
104
108
104
105
104
104
103
106
104
104
104
105
104
103
104
104
106
103
104
105
104
104
155
104
104
105
104
104
105
105
105
106
104
104
104
105
104
106
104
105
105
104
104
104
103
104
104
104
104
104
104
104
104
104
104
104
104
103
105
104
104
104
103
105
106
104
103
104
104
104
104
104
142
104
139
104
104
105
104
104
103
103
104
104
105
104
106
104
105
103
103
104
105
104
104
105
105
103
104
104
105
103
104
104
104
105
104
105
103
103
104
103
107
104
104
104
106
104
104
104
105
105
194
104
105
106
104
104
104
104
104
104
105
105
104
104
104
103
104
104
104
104
104
106
104
106
104
104
104
105
163
104
104
107
105
103
103
104
104
104
103
103
104
105
104
105
105
105
104
104
103
104
104
104
104
105
105
104
104
104
104
104
104
105
104
104
105
104
104
103
105
105
104
104
105
105
104
104
104
104
103
104
104
104
104
103
104
103
104
104
104
105
103
104
104
103
104
104
104
104
104
103
103
104
104
106
104
105
105
105
104
104
104
105
105
104
103
105
103
104
104
104
104
103
104
104
106
104
104
105
103
104
104
103
104
104
104
105
104
103
104
104
103
104
104
104
103
105
104
104
105
103
104
104
104
103
106
104
104
104
104
104
104
104
103
104
104
104
104
105
104
104
104
105
105
103
103
105
104
103
104
104
104
104
104
104
104
104
105
104
104
105
104
104
105
103
105
104
104
213
118
104
104
104
103
104
104
105
103
104
104
104
104
104
103
104
103
105
104
104
104
103
104
107
104
104
104
104
107
104
105
103
104
104
104
146
104
105
104
104
106
104
104
106
103
103
104
105
103
103
104
103
104
104
104
104
104
105
104
103
105
105
106
105
112
106
104
103
104
105
104
104
103
104
104
104
104
104
104
104
105
103
105
106
105
104
122
107
103
104
103
104
105
104
104
104
104
104
104
104
104
104
103
105
105
104
163
104
104
166
103
104
106
104
104
106
104
104
104
104
104
105
104
104
104
105
104
104
105
105
105
104
106
106
205
104
106
104
105
104
103
105
104
104
104
104
105
104
104
105
105
104
122
119
105
105
104
103
104
186
105
106
104
104
104
104
104
104
105
104
104
104
103
104
104
104
104
105
106
105
104
105
104
104
104
104
104
105
104
104
105
105
105
105
104
104
104
104
104
103
104
105
104
104
104
103
104
104
