121
119
120
122
121
119
162
120
119
120
120
120
119
119
119
121
120
119
120
119
120
119
119
120
120
119
119
120
119
120
122
120
119
121
120
120
119
122
123
122
122
122
124
123
123
122
122
121
122
122
122
122
122
123
123
122
122
124
122
123
120
119
119
120
120
119
119
119
119
120
119
119
119
121
158
153
120
119
119
119
119
119
120
119
120
119
119
119
120
119
119
119
119
119
119
119
119
120
120
119
119
120
119
119
119
120
120
119
119
120
120
120
126
119
121
120
120
216
121
118
120
121
119
120
119
119
119
120
124
122
122
122
123
122
122
123
122
122
122
121
123
125
123
122
122
122
125
123
123
122
123
119
120
120
120
119
193
119
123
122
121
119
120
120
119
119
155
119
119
119
119
119
119
119
121
121
149
120
119
120
120
123
125
124
120
120
197
137
129
128
119
119
120
120
119
123
122
123
123
127
122
121
121
123
123
122
122
122
121
122
123
123
122
122
123
122
122
122
123
122
122
123
125
122
125
122
122
136
122
122
123
123
122
123
122
122
122
122
123
122
120
119
119
121
163
120
119
118
119
118
119
119
119
120
119
119
119
120
119
120
120
125
119
119
119
119
120
119
120
121
142
168
179
119
119
160
120
120
187
119
143
120
119
123
123
122
122
122
123
123
123
123
122
122
124
122
123
122
123
121
123
124
123
124
128
122
122
123
122
123
122
122
123
123
123
122
123
121
123
122
122
122
122
123
124
130
124
123
123
123
123
123
123
122
122
122
122
123
122
122
122
123
123
122
122
122
122
123
122
124
120
120
119
119
119
119
119
118
120
120
120
119
120
120
121
119
119
119
118
120
120
119
119
120
120
119
120
119
120
119
168
123
126
119
121
120
120
119
121
120
119
120
153
119
122
123
122
122
123
122
122
122
122
128
122
122
122
123
122
122
122
122
122
122
131
122
124
119
119
118
119
119
119
119
120
119
119
118
119
120
120
120
120
119
119
120
122
121
179
120
119
121
120
120
121
119
120
120
119
123
119
119
119
121
120
122
119
119
120
119
197
158
136
126
129
122
122
124
123
122
123
122
123
123
122
121
123
123
124
122
126
122
123
120
120
119
120
119
118
119
119
121
120
119
119
119
120
119
120
120
119
120
120
121
120
124
121
123
122
122
122
122
124
123
124
123
123
122
122
122
122
122
121
122
123
124
122
122
121
122
123
123
122
122
121
124
125
124
123
123
123
122
122
122
123
123
122
122
123
122
123
120
119
148
120
186
120
119
119
121
122
120
119
119
120
119
119
120
119
120
120
119
120
119
120
120
120
119
119
119
119
121
120
119
120
119
119
119
120
120
119
118
120
119
119
122
122
123
122
123
123
125
122
123
122
122
122
122
121
124
122
122
125
122
124
122
124
122
119
120
119
120
121
204
120
120
121
121
119
119
119
119
119
119
120
119
119
119
120
120
121
120
119
120
121
120
120
119
121
120
120
121
119
120
120
119
119
119
119
119
120
119
119
119
120
119
163
120
120
118
119
121
119
120
119
121
119
119
119
119
119
120
194
120
119
124
123
122
124
123
123
123
124
122
122
122
122
122
122
122
123
124
123
122
122
122
122
122
120
119
119
120
119
119
120
120
119
119
122
119
119
120
120
120
118
119
119
120
120
118
120
121
119
121
119
119
119
119
158
125
119
120
120
122
120
119
120
122
121
120
120
119
122
123
123
122
122
122
123
122
122
122
125
125
122
122
122
122
123
122
123
121
122
123
123
119
120
119
119
119
118
119
119
120
118
119
119
121
119
120
119
121
119
119
120
120
119
119
120
119
166
173
119
119
120
120
122
120
119
180
119
120
121
119
120
119
141
203
119
124
123
123
123
121
122
124
122
122
123
124
121
183
123
125
122
123
125
123
122
122
122
119
119
119
119
120
120
121
119
120
120
119
119
121
119
119
119
119
120
118
119
119
119
119
119
119
119
165
119
121
119
120
120
122
121
119
119
119
203
118
120
120
119
120
179
120
119
120
118
119
119
120
119
119
120
119
120
121
121
122
120
119
121
120
119
119
120
120
119
119
119
119
119
120
119
119
119
120
119
121
120
120
120
119
119
120
119
179
120
120
119
119
120
120
119
119
120
119
120
189
119
120
125
125
120
119
120
120
119
120
121
119
119
120
119
123
122
122
124
122
123
122
123
123
123
123
124
121
123
122
122
123
123
151
122
122
123
125
121
120
119
120
120
119
120
121
327
120
119
120
120
119
121
119
119
120
120
119
119
120
