151
151
150
151
151
150
150
151
150
151
151
152
149
152
151
150
151
150
150
151
151
150
151
152
150
151
150
152
152
152
150
151
150
149
151
151
150
150
150
150
150
150
151
155
154
154
154
157
155
155
156
162
162
162
153
154
154
154
155
154
158
154
155
153
153
155
154
155
154
154
156
154
154
154
153
155
154
154
154
154
155
156
154
160
154
154
145
147
147
146
147
147
146
146
147
146
146
147
147
274
147
147
147
146
229
167
157
155
154
153
154
154
155
156
248
181
302
199
187
187
192
181
181
176
176
170
164
150
150
149
151
149
149
150
150
151
150
150
151
150
149
152
150
152
151
151
151
150
150
150
151
151
152
150
151
151
150
151
150
150
152
150
150
151
150
153
156
154
153
154
154
154
154
153
154
153
154
153
156
155
153
154
154
155
154
154
149
150
152
150
151
150
151
189
151
153
150
150
150
151
150
151
152
150
150
150
150
150
150
149
150
151
150
150
150
151
151
151
149
150
150
150
151
151
151
150
150
149
151
149
150
150
221
149
151
150
152
151
150
152
150
151
150
150
149
150
151
150
150
150
150
158
151
150
150
151
151
152
274
151
150
150
150
150
150
150
149
151
150
150
150
155
155
155
154
154
154
156
154
154
154
155
154
155
153
154
154
153
153
155
156
154
151
150
150
151
149
150
151
151
150
150
150
151
150
150
153
151
150
152
150
150
151
151
151
151
150
150
151
151
151
151
150
149
151
150
151
150
151
151
150
150
151
151
150
152
150
150
150
151
151
150
151
151
151
150
150
151
150
150
150
278
199
171
150
151
150
150
150
152
150
150
150
151
150
150
151
155
151
150
150
149
150
150
151
150
151
150
150
150
151
150
150
150
151
150
224
150
151
149
150
151
150
150
150
152
151
150
151
150
150
152
151
150
150
150
150
150
150
152
151
150
150
151
150
150
297
151
150
151
150
150
151
150
151
151
150
151
150
150
150
212
151
150
150
152
153
150
150
150
150
150
153
151
151
152
150
150
150
151
150
150
150
149
151
150
150
172
150
150
151
149
150
150
151
150
150
149
150
151
151
152
151
150
150
150
150
150
150
149
151
150
150
150
150
150
150
150
150
151
149
150
150
151
167
150
150
150
178
151
150
150
237
149
150
150
152
150
150
150
151
150
150
150
149
150
150
156
150
150
152
150
152
150
150
150
150
151
150
150
150
149
150
150
151
150
150
150
151
150
152
150
150
151
150
152
151
151
152
151
150
150
150
149
152
150
150
150
151
150
151
150
150
149
150
212
149
150
150
151
151
151
150
150
150
150
149
151
150
150
150
150
150
150
151
151
151
150
186
151
157
150
149
150
150
151
151
150
151
150
150
150
151
149
150
209
149
150
150
150
196
151
163
150
151
151
149
151
150
152
151
150
152
149
150
151
150
151
149
150
150
150
152
150
151
150
150
153
150
150
150
150
150
229
150
151
151
150
151
150
150
151
150
150
150
151
150
151
151
150
151
150
151
150
150
151
150
152
150
151
150
150
151
150
150
150
150
197
150
151
151
151
152
150
150
151
151
192
150
150
150
149
274
151
151
159
151
151
150
154
154
154
154
154
154
153
155
162
154
154
154
153
154
153
154
153
154
154
156
155
154
154
154
153
154
154
154
161
155
155
154
155
161
154
155
153
154
154
155
157
154
151
151
149
150
150
150
150
151
149
150
149
149
150
151
151
149
151
152
150
150
151
150
151
166
151
151
154
152
150
151
150
150
151
150
150
150
150
150
151
151
150
150
150
151
150
149
194
153
153
154
149
151
150
150
151
151
150
152
149
153
151
329
161
154
153
153
155
154
154
153
153
154
157
154
154
153
154
153
171
172
155
154
155
154
150
152
150
150
150
150
150
149
151
151
151
151
150
150
149
151
150
150
151
150
149
151
149
150
150
151
218
151
150
198
150
150
150
152
150
151
242
150
151
150
150
150
149
152
151
151
151
149
149
150
150
150
150
152
151
151
150
151
150
153
150
150
150
151
151
150
150
150
151
151
151
249
150
150
150
150
152
150
151
150
151
152
151
151
150
149
151
149
150
151
151
150
150
150
151
151
150
150
150
209
269
150
150
150
151
151
151
149
150
150
151
151
149
151
150
150
151
150
150
150
151
152
151
150
150
150
152
150
151
151
150
150
152
150
149
149
150
151
213
150
151
210
152
150
149
149
151
149
150
150
333
150
151
150
151
150
150
151
149
152
151
154
151
221
152
152
150
151
151
151
151
151
151
150
150
