172
172
173
174
174
173
174
269
173
174
173
174
215
174
174
173
174
173
173
172
213
181
173
172
173
174
173
173
174
172
179
174
173
176
172
172
172
173
172
173
173
173
173
172
172
174
173
173
172
173
174
173
171
173
173
172
174
173
173
174
172
174
174
189
174
173
173
172
175
172
172
173
173
173
172
177
173
173
172
173
172
172
171
173
173
173
173
175
173
174
172
173
173
171
174
175
172
169
169
168
168
169
168
170
169
169
169
169
169
318
169
258
168
169
169
169
173
174
173
172
172
172
173
173
172
172
173
174
173
173
173
173
172
174
175
172
174
172
173
173
173
172
172
172
172
172
174
173
172
173
173
174
174
234
177
172
176
173
173
172
173
174
174
174
173
173
172
175
172
172
173
172
172
173
173
173
173
172
172
173
174
173
173
175
173
172
173
173
172
175
174
173
229
196
172
243
173
172
174
175
173
174
173
177
173
172
174
173
173
173
173
173
173
173
173
173
173
176
172
172
173
175
174
173
174
173
174
172
173
173
172
173
173
172
173
173
172
173
173
177
174
173
172
173
174
174
173
172
173
172
173
172
172
173
173
173
173
173
172
172
172
172
172
173
174
173
173
173
174
173
173
172
172
175
174
172
173
172
172
217
176
172
173
175
173
173
172
172
173
173
174
173
172
173
172
172
173
173
173
174
174
171
172
174
175
172
172
176
173
174
173
173
173
173
173
173
172
174
173
172
239
173
174
173
174
172
174
173
173
173
173
172
172
173
173
173
172
173
173
175
172
174
174
173
172
175
174
173
173
174
172
219
175
173
172
172
173
175
172
173
173
173
173
173
173
172
173
173
172
173
173
173
174
173
172
173
173
172
173
172
173
172
172
175
173
173
174
173
173
174
188
173
173
173
171
173
172
173
172
173
174
174
174
173
173
176
172
173
172
174
172
174
173
174
174
174
172
171
173
174
172
173
172
174
172
176
173
173
173
200
283
229
197
173
174
173
173
172
172
173
173
172
172
172
238
242
174
172
172
173
172
172
173
172
174
172
173
172
172
175
174
174
173
174
174
172
173
172
172
173
172
172
174
174
172
174
172
174
172
172
173
172
175
174
176
173
172
173
173
171
172
172
173
172
173
173
232
172
172
172
174
172
173
172
173
178
173
174
172
174
173
173
175
173
182
173
173
172
173
173
173
173
231
197
173
173
172
172
174
173
173
173
172
174
173
173
173
172
173
173
173
173
174
173
174
173
174
172
174
172
173
175
172
174
174
172
173
173
172
173
172
172
173
175
174
172
175
174
173
173
173
173
172
173
172
173
173
170
169
168
169
168
168
169
169
168
169
168
170
429
169
168
170
168
168
170
233
172
172
260
173
174
177
173
174
172
173
175
173
172
173
173
172
172
174
174
173
173
172
173
171
173
172
172
173
173
172
173
173
173
173
174
338
172
172
173
175
174
173
174
172
173
173
173
228
197
172
173
171
173
172
174
175
173
173
174
173
173
173
176
174
172
172
173
176
173
173
173
173
176
171
173
231
198
193
182
174
174
173
173
175
173
176
173
173
172
173
173
173
172
173
173
177
174
174
174
173
173
172
173
172
172
177
174
174
173
172
173
172
173
172
172
173
173
174
176
172
172
172
172
172
172
176
174
173
174
173
173
175
175
173
173
173
173
238
173
174
173
173
176
172
174
173
173
173
172
173
172
173
173
174
173
173
172
174
173
173
173
172
172
173
173
173
173
174
173
173
173
173
174
173
172
173
174
174
175
245
223
174
172
173
173
173
172
173
172
173
174
174
174
173
172
171
173
175
173
172
173
175
173
174
175
173
173
173
173
174
180
173
174
173
173
173
173
175
173
174
173
285
175
174
173
173
172
172
173
172
176
172
173
173
172
174
173
173
173
172
172
173
172
173
172
174
176
174
172
172
173
174
174
175
172
173
176
174
173
173
175
175
172
172
172
173
173
173
173
174
173
173
172
173
173
172
174
172
172
169
169
169
168
168
169
168
168
168
170
171
169
168
274
168
170
168
169
170
169
168
173
173
174
173
172
173
173
173
217
173
172
172
173
286
173
198
174
173
173
172
173
173
173
174
173
176
173
174
174
173
188
174
173
173
174
175
172
173
174
173
173
229
172
174
173
173
173
173
172
174
173
173
173
173
173
173
172
174
174
173
174
173
173
172
173
172
173
172
173
172
172
173
173
173
175
174
173
172
173
172
172
173
173
172
172
173
172
172
174
173
173
173
173
172
173
173
173
173
172
172
169
168
169
