203
205
202
202
203
204
203
204
203
203
203
203
238
207
203
208
207
207
209
208
208
207
208
206
207
207
209
207
207
207
208
209
207
208
207
209
209
215
207
207
206
208
207
280
208
208
207
208
207
208
207
208
208
208
210
208
208
207
207
207
206
207
208
209
207
210
207
208
208
209
207
208
203
202
203
202
202
202
205
202
202
284
203
202
203
281
204
203
202
202
202
208
207
209
207
208
208
210
208
208
209
210
207
302
208
207
208
207
206
207
207
207
207
209
207
207
208
208
210
208
208
207
208
209
207
210
207
206
207
209
207
209
208
207
206
207
207
208
207
208
207
209
357
207
209
208
209
207
208
207
207
208
208
210
208
206
207
207
206
207
207
207
220
208
208
208
208
209
252
208
208
207
207
207
208
210
208
208
206
207
208
206
208
208
208
208
208
208
207
208
207
207
208
210
209
207
206
250
207
209
208
207
208
207
208
207
207
208
207
207
210
207
252
207
207
207
207
207
207
210
207
208
207
203
203
203
202
203
203
204
204
203
203
203
203
203
203
203
202
204
203
201
207
208
207
207
208
206
209
208
207
207
210
208
208
207
208
207
209
207
206
204
248
202
202
204
204
202
202
202
204
204
204
202
202
202
204
204
203
202
207
208
209
207
207
207
210
207
208
208
207
208
209
208
207
207
208
206
207
208
210
210
208
207
209
209
209
210
208
207
207
207
207
208
206
207
207
207
206
208
207
207
208
209
209
207
207
207
206
210
207
207
209
207
208
208
207
204
203
204
206
202
293
203
203
204
202
203
322
203
203
203
440
203
221
212
212
222
212
212
214
213
213
212
214
212
214
213
211
212
211
212
213
207
207
209
207
209
207
207
208
208
208
208
209
209
207
207
267
209
207
208
208
207
207
207
208
206
206
207
207
208
209
208
208
207
207
207
207
208
208
207
206
207
206
217
208
208
207
209
208
212
208
317
220
206
286
207
212
213
213
213
215
212
212
213
213
213
212
214
211
212
213
212
213
211
213
209
207
207
207
206
208
208
207
207
208
208
207
208
207
207
209
207
208
207
206
207
275
236
207
208
208
207
208
208
208
210
208
208
208
208
208
210
212
212
213
211
213
214
212
213
212
212
213
213
213
213
212
213
212
212
212
204
203
202
205
205
202
202
202
202
202
202
203
203
204
202
202
204
202
205
207
208
208
209
207
208
207
207
210
208
208
209
273
209
209
209
208
208
208
207
208
208
208
207
208
314
207
207
206
207
208
208
208
208
207
208
207
207
208
208
208
208
208
207
208
209
206
207
207
210
211
210
211
263
206
210
209
207
207
208
210
209
208
207
207
274
236
207
208
209
208
382
211
207
213
207
207
209
208
425
275
236
208
207
207
209
208
207
209
208
207
209
207
208
212
207
208
208
208
208
207
208
208
254
209
207
207
209
207
208
207
207
208
208
207
208
207
207
207
207
207
206
206
208
208
209
210
251
226
213
212
211
212
213
213
211
214
216
214
213
238
238
219
221
223
213
212
207
210
208
207
208
207
208
207
208
208
208
208
209
207
208
208
208
207
209
280
278
208
208
208
208
207
208
208
206
207
208
208
208
208
209
207
208
208
208
208
209
207
210
280
209
209
209
209
207
208
207
207
207
208
207
208
208
207
207
211
208
208
207
207
207
210
207
207
209
207
207
207
208
207
209
207
208
267
208
207
209
208
209
209
210
207
207
207
209
251
281
218
212
214
213
215
213
215
213
213
221
213
212
213
211
213
213
212
214
213
209
208
208
209
208
207
208
208
210
208
208
207
208
207
208
208
208
209
208
207
207
207
208
207
207
460
208
208
211
207
208
207
207
206
325
338
208
213
212
212
213
213
214
213
213
213
214
215
213
213
212
213
212
214
213
215
207
208
207
207
210
209
208
207
250
208
208
207
207
208
209
207
208
206
212
208
207
207
208
208
208
244
217
208
210
207
209
207
207
207
207
208
208
213
212
212
213
215
214
212
213
216
215
214
212
212
213
213
213
213
214
207
207
208
208
210
207
208
208
208
209
209
207
208
209
208
207
208
208
208
208
208
208
207
207
207
207
209
206
207
207
208
207
208
207
207
375
216
209
213
211
212
213
216
211
215
213
213
213
213
213
213
212
213
214
221
212
208
210
208
207
209
208
207
207
207
208
206
210
209
209
207
209
206
208
207
208
207
207
207
207
207
207
207
210
207
208
208
290
207
209
210
316
258
216
213
213
212
212
214
213
213
213
213
212
211
212
211
212
215
213
