1972
1972
1975
1974
1968
1971
2030
1975
1971
1975
1972
1974
1971
1972
2099
1973
1980
1971
1976
2020
1974
1971
1978
1968
1977
1925
1924
1924
1926
1928
1929
1925
1993
1929
1928
1931
1923
1927
1924
1926
1926
1927
1925
1925
1927
1926
1925
1922
1924
1924
1922
1926
1932
1925
1923
2186
1927
1924
1924
1924
2129
1922
2100
1933
2042
2013
1981
2085
1974
2016
2011
2071
1972
1972
2392
1980
1984
1975
2313
2033
2021
2021
2041
2028
2028
2019
2028
2023
2024
2022
2020
1972
2020
1969
1971
1974
1973
1973
1985
1978
1972
1973
1975
1972
1971
2022
1970
1971
1971
1976
2016
1973
1970
1971
1973
1972
1974
1973
1975
2192
2419
1933
1925
1926
1969
1928
1923
1925
2059
1930
1935
1977
2021
1970
1974
2025
1972
1988
1969
1973
1972
1971
2052
1975
1971
1973
1977
1970
1975
1969
1976
2019
1972
1980
1974
1976
1970
1974
1973
2012
1979
1974
1971
2012
1971
1980
1971
2421
1977
2035
2030
1971
2020
1970
1978
1977
1973
1973
1971
2067
2027
2173
1972
1975
1970
1977
1972
1975
1975
1974
1971
1970
1979
1973
2021
2058
2215
2036
2019
1971
1974
2096
2179
2016
1972
2016
1972
1976
2035
1974
1985
1970
1971
1969
1972
1976
1973
1969
1973
1973
2075
1979
1971
1977
1973
1979
1970
2012
1973
2015
1973
1975
2013
1972
1973
1970
1972
1970
2147
1924
1927
1926
1927
1932
1924
1933
1984
1924
1925
1923
1922
1971
1972
1974
1971
1971
1979
2021
1969
1972
1975
1975
1975
1976
1972
1972
2012
1973
1969
1973
1978
1974
2082
1979
1973
1971
1971
1973
1969
1927
1925
1927
1925
1931
1924
1929
1971
1927
2009
2043
1928
1922
1926
1967
1924
1926
1923
1927
2034
1925
1975
1933
1924
1931
1926
2221
1929
2039
1927
1937
1926
1967
1922
1926
1934
1925
1927
1926
1924
1976
1979
2022
1980
1989
2133
1978
1970
1971
1975
1972
1975
1974
1965
1929
2833
2275
2193
1931
1925
1928
1975
1927
1923
1933
1925
1924
1969
2022
1981
1976
1975
1972
1973
2056
1976
1974
1977
1971
1975
1924
1924
1925
1923
1927
1925
1928
2034
1928
1924
1927
1928
1926
1925
1925
1928
1928
2006
1924
2006
1924
2020
1967
1980
1928
1930
1923
1932
1923
1971
1927
1929
1926
2062
1927
2226
1928
1923
1924
1932
1928
1973
1972
1988
2021
1977
1971
1969
1992
2114
1972
1972
1973
1971
1971
1924
2064
1924
1923
1925
1927
1930
1925
2009
1924
1924
2053
1928
1927
1922
1925
1927
1922
1924
1926
1923
1984
1924
1925
1923
1926
1926
1923
1922
1924
1927
1936
1923
1923
1924
1930
1924
1922
1925
1928
1924
1921
1923
1926
1926
1924
1925
1926
1926
1926
1927
1923
1923
2520
2019
1972
2150
1976
1976
1972
1980
1974
1972
1972
1976
1974
2054
2057
1969
1972
1974
1973
1969
1985
1972
2244
2018
1973
1972
1973
1973
1950
1922
1925
1923
1927
1966
1920
1924
1985
1925
1924
1925
1932
1930
2033
1923
1929
1926
1924
1928
1929
1927
1924
1926
1923
1932
1928
1922
1924
1987
1925
2003
1998
1982
1926
1931
1973
1927
1926
2148
1929
1978
1971
1976
1970
1977
1972
1969
2019
1969
1970
1974
1979
1971
2029
1970
2020
1972
1971
1974
1974
1969
1972
1972
1968
1977
2203
2244
1980
2021
1969
2042
2073
1971
1972
1975
2062
1980
1971
2342
1975
1970
2147
1980
1971
2195
1971
1979
1980
1971
1971
1974
1978
1976
1967
2034
1980
1971
1971
1981
2161
1973
2011
3115
2253
2011
1972
1970
1972
1969
1979
2023
2427
1974
1973
1972
1974
1972
1974
2065
2028
2022
2024
2034
2023
2026
2028
2021
2032
2021
2021
2021
2020
1992
1923
1929
1969
1923
1924
1928
2289
1925
1925
1924
1922
1922
1925
1928
1925
2015
1926
1923
1926
1924
1922
2099
1923
1927
1925
1928
1924
2016
2103
1928
1927
2762
2082
1926
2207
2066
1924
1928
1927
2023
2036
2028
2018
2021
2022
2022
2028
2021
2058
2023
2036
2029
1982
1971
1972
1979
1970
1983
1979
1980
2016
1976
1979
1969
1984
1971
2030
1928
2683
1960
1923
1925
1967
1924
1927
1926
2021
1936
2026
2058
2017
2021
2047
2031
2019
2019
2020
2029
2021
2024
2020
1991
1927
2028
1926
1924
1926
1921
1924
1928
1972
1926
1923
1973
1989
1922
1932
1924
2259
2503
1926
1925
1927
1986
1966
1924
1932
1926
1977
1978
1975
1970
1971
1973
1977
1973
1973
1974
1970
1984
1977
1975
1926
1968
1927
1926
2111
1924
1927
1928
1973
1932
1970
1934
1923
1928
1925
1985
1926
1933
1925
2149
1924
1922
1930
1928
1926
1925
1930
1974
2022
1974
1972
1970
1972
1982
1972
1978
1971
1972
1976
2023
1923
1925
2053
1931
1925
2963
2150
1926
1968
1926
1927
1922
1924
1951
1972
1972
1974
1975
1988
1971
1971
1978
1979
1971
1969
1970
1979
1927
1930
1927
1922
1923
2032
2174
1923
1926
1932
1923
1931
1923
1928
1970
2015
1973
1973
1970
1973
1974
1973
1972
1972
1971
1973
1975
1927
1926
1922
1927
1923
1930
1924
1925
2169
1929
1923
1932
1924
1932
1972
1981
2022
2041
1974
1971
1968
1970
1972
1974
1981
1971
1975
1927
1925
1965
2127
1976
2131
1926
1929
1923
1924
1925
2697
1925
2023
2019
2028
2021
2019
2021
2050
2021
2022
2024
2023
2023
2021
1972
1973
1973
1970
2020
1972
1981
1971
1972
2066
1970
1972
1975
2021
1972
1971
1971
1976
2118
1979
1978
1972
1975
1970
1973
2827
2242
1970
1924
1924
1927
1923
1931
2206
1928
1932
2356
2708
2238
2044
2022
2028
2023
2294
2248
2019
2018
2046
2021
2044
2021
2033
1973
1976
1976
1975
1973
1973
2011
1974
1986
1975
1971
1972
2043
1931
1925
1925
1933
2796
1943
2073
2045
3432
2306
2078
1927
2025
2019
2020
2029
2021
2020
2024
2023
2022
2021
2019
2021
2051
1987
1974
