91
92
92
92
92
91
93
92
92
92
92
92
92
92
92
92
93
93
92
92
92
92
92
91
92
92
92
92
89
90
89
90
90
90
90
90
89
90
90
89
90
90
90
90
89
89
90
90
90
90
90
90
90
90
90
90
90
97
90
90
91
90
90
90
90
104
92
92
92
92
92
92
92
92
92
92
93
92
92
92
92
92
92
92
92
92
92
92
92
91
92
93
92
92
92
92
92
92
113
91
92
92
92
91
92
90
90
92
91
90
89
90
89
90
89
90
90
90
90
90
90
89
90
90
90
89
90
90
90
90
91
90
90
90
90
90
90
89
89
89
90
90
90
89
89
90
89
89
90
91
90
90
90
90
89
90
90
90
91
89
91
90
90
90
90
90
90
89
89
90
90
90
89
90
90
90
90
89
91
91
90
89
90
89
91
90
90
90
179
89
90
90
89
89
90
89
90
90
90
90
90
90
90
90
90
90
89
90
90
89
90
90
91
89
90
91
91
184
90
90
90
92
92
92
93
92
92
92
92
92
92
92
93
92
93
92
92
92
91
92
92
92
92
91
93
92
92
92
93
92
92
93
93
92
92
92
92
95
92
92
89
90
90
90
90
89
90
90
90
89
90
91
90
89
89
90
89
90
89
90
90
90
89
90
89
90
90
90
90
90
90
90
89
90
89
90
89
90
89
89
90
90
90
90
89
89
90
90
90
90
92
90
90
91
90
90
90
90
90
90
90
90
92
90
90
90
89
89
90
90
90
91
89
90
90
89
144
90
91
92
92
92
92
93
92
92
92
94
93
92
92
93
92
91
92
92
92
92
92
92
92
92
92
92
92
91
92
92
92
91
92
92
92
91
93
92
92
90
90
90
90
89
90
89
90
90
90
90
90
168
90
90
90
90
89
90
90
90
90
90
89
90
89
90
89
90
90
90
91
90
90
91
92
90
90
90
90
89
90
90
133
90
90
90
90
90
133
89
90
90
90
92
90
89
89
90
90
90
90
90
90
89
89
90
90
89
89
89
90
90
90
185
90
90
92
92
93
92
92
92
92
92
92
92
94
93
109
93
92
92
93
92
92
92
92
94
92
92
92
92
92
93
92
94
92
92
92
91
92
93
92
93
93
92
92
92
93
92
92
92
93
93
92
92
92
92
92
92
92
92
92
91
92
92
93
92
92
92
92
92
92
92
92
91
93
92
92
92
92
92
92
92
90
90
89
90
90
90
89
89
90
89
89
89
90
89
90
90
90
89
90
90
89
90
90
90
89
132
90
90
92
89
90
90
90
91
90
89
127
90
90
90
90
90
90
90
89
90
90
90
90
90
90
114
90
90
91
90
89
90
90
89
90
89
89
89
91
90
90
90
90
89
89
90
90
90
89
90
90
92
92
93
92
92
92
92
92
92
92
93
92
92
92
92
92
92
92
92
92
92
92
92
91
92
92
92
94
92
92
93
92
92
92
92
92
92
92
91
90
90
90
102
91
89
90
89
90
90
89
90
91
90
91
89
90
90
90
90
90
89
89
90
89
89
90
90
184
102
102
90
89
90
90
89
90
90
90
90
90
90
89
89
90
89
90
90
90
90
90
90
90
89
90
89
89
89
89
89
90
90
89
90
89
90
89
90
90
90
92
90
90
90
89
90
90
90
90
89
90
90
90
90
91
90
90
90
90
90
90
90
90
90
90
90
90
90
90
89
89
90
91
90
90
105
92
90
90
90
90
90
201
90
90
90
93
92
91
92
91
92
92
92
92
92
92
93
92
93
92
94
92
92
92
92
92
92
92
91
93
92
92
92
93
92
92
92
92
93
92
92
92
92
92
92
89
90
90
90
89
90
89
90
90
90
90
90
89
90
90
90
89
95
91
90
90
90
90
90
90
90
90
90
90
90
90
90
89
89
90
90
90
90
90
90
90
90
89
90
89
90
90
90
89
90
90
90
133
90
90
90
90
90
90
89
89
89
89
90
90
90
90
140
90
90
90
90
90
90
89
90
89
90
89
90
90
89
89
90
90
90
90
89
151
90
131
90
89
89
89
90
90
90
89
90
90
90
90
91
90
90
90
90
90
90
90
89
89
90
90
89
90
89
90
90
90
90
89
90
90
91
90
90
90
90
89
90
90
90
89
90
90
89
90
90
90
90
90
90
90
90
90
89
90
90
90
90
90
91
90
90
90
91
90
90
91
128
90
90
90
89
90
89
90
89
90
90
90
90
89
90
90
91
90
90
89
89
90
90
91
90
90
90
92
90
89
90
89
94
89
89
