140
140
140
141
227
140
142
141
140
140
140
140
142
140
139
140
139
140
140
139
140
139
140
140
140
140
140
142
140
140
140
140
140
142
140
142
139
140
140
141
140
139
140
142
139
139
140
140
139
140
140
140
141
141
140
140
139
141
140
139
142
140
141
139
139
140
142
145
140
140
140
141
140
140
140
141
139
186
142
139
140
140
140
142
140
141
140
140
140
141
139
142
139
139
141
142
139
140
142
139
138
139
143
140
141
140
142
140
140
139
141
140
139
140
140
139
159
139
139
140
139
139
140
141
140
140
140
143
146
140
139
140
141
139
141
141
140
139
139
140
139
142
140
140
139
140
140
142
140
142
139
262
142
142
140
139
140
140
138
139
140
140
140
141
140
141
140
140
142
184
139
140
141
142
142
139
140
140
140
139
142
141
139
140
140
139
140
140
139
139
139
139
140
141
141
140
141
142
141
140
139
139
141
140
140
145
143
144
144
143
144
139
140
139
140
141
140
140
140
140
140
140
141
140
140
142
140
139
140
140
139
141
139
139
140
140
140
139
139
139
141
141
140
141
140
140
142
140
139
140
140
140
140
142
139
140
139
140
140
142
140
141
140
140
139
141
141
139
139
139
140
139
140
139
140
141
139
139
140
181
140
141
140
141
142
140
140
139
139
140
139
140
139
139
142
140
142
140
142
139
140
140
143
140
140
139
143
139
139
143
139
139
141
139
140
140
141
142
139
140
139
140
140
139
142
141
140
140
202
140
139
140
140
139
139
176
140
140
141
140
140
141
186
139
140
140
141
141
141
140
140
141
140
142
141
141
139
140
139
140
139
140
140
139
141
141
140
140
139
140
140
185
139
140
140
139
142
140
141
140
140
139
140
140
140
141
140
142
140
140
139
141
141
140
139
140
142
140
142
139
142
139
141
140
140
140
139
139
140
141
142
140
139
140
140
139
140
140
140
140
142
141
141
141
138
140
140
139
264
140
139
139
140
139
140
142
140
141
140
140
140
140
142
139
140
139
142
140
139
141
141
141
140
142
141
139
142
140
139
140
140
140
141
139
141
140
139
140
140
139
139
140
140
139
139
139
141
141
141
139
140
139
141
140
139
141
140
140
142
140
140
140
140
140
140
140
142
141
139
140
141
141
140
141
140
139
140
139
140
140
141
210
140
140
139
140
139
141
140
140
141
142
140
140
141
141
140
140
140
140
142
140
140
140
139
139
140
139
139
138
139
139
205
140
140
140
140
140
142
142
140
140
139
140
140
142
139
140
141
140
140
233
141
139
139
141
139
139
141
140
140
143
140
141
140
140
141
140
141
141
141
139
140
139
140
140
140
141
141
140
140
140
139
139
139
140
140
140
139
139
141
140
140
140
140
140
139
141
139
141
140
140
139
140
140
142
139
142
140
141
140
139
139
139
141
141
140
139
140
140
139
144
143
139
140
138
142
140
142
140
141
140
141
141
141
140
142
136
140
140
140
140
140
141
140
140
160
141
140
140
141
140
140
139
142
141
140
140
140
223
142
140
141
139
140
140
141
141
140
141
140
140
140
141
139
140
139
140
139
140
142
139
140
140
139
139
140
140
139
140
139
140
139
139
139
140
140
138
142
141
141
140
142
141
140
140
140
139
140
140
140
141
141
140
139
141
140
140
140
140
139
139
139
141
141
140
140
140
138
141
140
139
140
142
139
140
139
141
142
139
139
140
142
140
140
139
140
140
140
140
139
141
140
179
139
140
141
139
141
141
140
139
141
141
139
224
140
139
138
139
139
140
139
139
140
140
140
139
140
139
142
142
142
141
140
140
140
140
140
142
140
140
140
139
140
140
139
225
140
140
140
139
140
139
139
140
139
140
139
141
139
139
140
140
140
141
141
140
140
141
140
142
140
141
140
140
140
140
139
139
139
139
141
140
139
140
141
142
140
141
140
140
139
140
139
139
140
142
139
141
140
140
140
140
140
140
142
140
139
140
139
139
139
140
191
139
140
140
140
140
141
139
140
139
141
139
140
139
142
140
140
142
140
139
160
139
140
140
141
140
141
140
140
143
140
139
140
139
140
140
139
141
141
140
142
140
141
140
140
139
139
141
142
140
139
140
140
140
140
140
140
143
140
142
139
139
141
141
140
142
139
141
140
139
141
142
141
140
140
140
139
140
141
140
141
142
139
142
141
210
140
142
139
140
140
140
139
140
142
141
142
142
139
141
139
140
139
140
140
140
140
141
140
142
140
140
142
140
139
139
140
140
142
140
139
140
140
142
139
139
