184
185
184
184
184
185
185
185
184
184
184
184
184
184
184
184
184
184
184
184
184
268
185
185
184
185
184
184
184
184
187
184
184
184
184
185
185
184
184
185
185
184
184
184
184
184
184
184
184
184
184
184
184
183
184
185
255
184
184
184
184
185
185
278
226
333
185
186
184
184
185
185
296
185
185
184
184
184
184
184
185
184
184
184
184
185
184
185
184
184
184
185
185
189
188
189
189
189
188
188
189
189
188
189
189
189
188
189
189
188
189
188
189
188
189
189
190
188
189
188
189
189
188
188
189
189
188
199
184
184
184
183
185
183
184
184
184
184
184
186
186
185
184
185
184
186
185
184
184
184
184
184
184
185
184
186
184
184
184
225
184
184
184
184
184
184
185
189
184
184
184
184
183
184
183
184
184
184
184
184
184
184
184
184
184
184
186
184
184
185
185
184
184
184
184
184
184
185
185
185
184
184
183
186
184
229
184
184
184
184
184
184
184
185
184
184
184
184
184
184
184
186
184
184
185
185
185
185
184
184
184
185
184
184
313
196
184
184
186
199
247
186
186
185
185
184
185
183
186
185
185
184
184
184
184
184
186
184
184
184
184
184
184
189
188
189
189
189
189
189
189
188
189
188
188
240
189
189
189
189
188
189
188
189
189
191
189
189
189
191
189
189
189
188
188
189
189
199
185
184
185
185
184
184
184
184
184
184
184
184
185
185
184
185
185
184
184
185
184
184
184
184
184
185
185
184
223
184
185
183
184
184
183
184
184
184
185
184
185
185
184
184
185
184
184
183
185
185
185
184
184
185
185
184
185
184
184
184
185
185
185
184
184
184
184
184
185
184
184
184
184
185
186
210
210
184
184
184
184
184
185
255
184
184
184
184
185
185
184
185
184
185
184
185
184
184
184
184
184
184
185
185
184
185
185
185
184
185
184
184
184
184
185
184
185
184
185
184
185
184
184
184
184
185
185
184
185
184
184
185
184
185
184
189
189
189
189
189
189
191
189
188
189
189
188
189
189
188
189
189
189
189
189
189
189
188
189
189
189
189
188
188
189
189
189
189
189
189
184
185
185
184
184
184
184
184
184
186
184
184
184
186
185
184
184
184
185
184
184
185
184
185
184
185
184
184
184
185
185
185
184
186
184
184
185
185
184
186
184
184
184
184
184
184
184
184
184
184
186
184
184
184
184
185
185
184
184
184
185
184
185
184
184
185
184
184
185
184
184
185
185
185
184
185
184
185
185
183
184
184
184
184
185
243
184
186
186
184
184
184
184
184
185
184
184
184
184
184
184
185
184
184
184
184
184
184
183
184
184
185
185
184
185
328
184
185
184
185
185
183
185
185
184
210
185
185
184
184
184
286
185
184
184
185
184
184
189
191
189
189
189
189
189
189
189
188
188
189
190
188
188
189
189
189
189
189
189
189
213
189
191
189
189
188
189
189
190
189
189
189
184
184
184
184
184
184
184
184
185
184
184
184
184
184
184
185
184
185
185
184
184
184
184
184
184
184
184
184
185
187
232
184
184
184
188
189
189
188
188
189
189
189
189
188
188
189
189
189
189
189
189
189
188
189
189
189
189
189
189
217
199
190
188
189
189
189
190
189
185
184
185
185
184
185
184
184
185
184
184
184
184
185
183
184
184
184
184
184
184
183
184
184
184
184
184
185
184
184
184
184
184
185
184
187
184
184
184
185
303
184
184
185
184
184
185
184
185
184
184
184
185
184
184
184
184
185
185
185
184
183
244
184
186
185
184
184
184
184
184
184
184
185
185
184
185
185
184
184
184
184
184
184
185
184
184
184
183
184
184
185
184
185
184
184
183
184
184
183
184
184
184
184
184
184
185
184
184
185
184
185
184
184
185
184
184
184
184
184
185
185
184
184
184
185
185
184
185
184
184
184
184
184
183
185
184
184
184
185
184
184
183
185
184
185
185
184
184
184
185
184
184
184
184
184
185
185
184
184
184
184
184
185
184
185
184
184
184
185
184
184
184
183
184
184
184
184
186
184
185
184
184
184
184
185
184
184
184
185
184
185
184
184
184
184
184
185
185
184
184
184
184
184
185
185
185
184
185
185
184
186
371
184
185
183
185
184
184
185
185
185
185
184
184
184
184
184
185
184
184
184
184
185
184
184
184
184
184
184
185
185
185
184
183
184
184
186
184
184
185
184
184
186
184
184
184
184
184
184
185
184
185
185
184
186
184
185
184
184
184
184
184
184
185
184
184
184
184
184
185
184
184
185
185
186
184
183
184
185
184
184
