251
250
340
249
250
251
250
251
250
250
250
251
250
252
251
251
250
250
250
251
251
292
250
251
251
250
250
250
250
251
250
250
252
251
250
250
250
295
251
250
251
250
251
250
252
251
250
251
250
250
250
251
251
251
251
250
413
251
251
250
253
251
251
250
251
251
251
250
251
251
251
252
251
250
249
250
251
250
251
251
250
251
252
251
251
251
250
251
252
251
251
251
250
251
251
250
250
251
254
252
250
251
251
252
251
252
252
252
250
250
251
258
257
257
275
256
257
258
265
258
256
257
257
256
257
257
257
256
257
258
257
257
257
258
256
257
257
257
258
257
256
257
251
250
250
251
250
250
252
250
250
250
250
251
252
250
251
251
250
251
251
250
251
251
251
251
250
251
251
251
251
250
250
251
250
251
251
251
297
251
251
250
251
251
251
251
251
251
251
250
250
250
251
251
251
251
251
251
252
251
251
250
250
250
250
250
251
251
251
250
251
251
311
250
250
251
250
260
250
253
251
251
251
250
251
250
250
251
251
251
251
250
251
250
251
251
250
251
252
250
251
251
253
251
251
250
251
251
250
251
251
251
250
251
252
250
251
250
250
250
251
251
252
252
250
251
251
251
251
250
250
250
251
251
306
251
359
252
253
251
251
257
297
250
251
250
251
250
250
251
251
250
251
250
250
250
250
250
251
250
251
250
251
251
250
250
251
251
251
310
253
251
250
251
250
251
250
250
251
251
250
251
252
250
251
251
251
250
250
250
251
250
251
250
251
251
251
251
250
251
250
251
251
251
251
250
252
250
251
252
250
251
250
250
251
251
251
251
252
251
251
250
251
251
251
250
250
250
251
251
251
250
251
251
315
251
250
251
250
250
251
252
251
251
250
250
251
250
251
250
252
252
250
251
250
250
251
252
251
279
253
253
251
250
251
252
251
286
251
250
250
251
251
251
251
251
250
251
252
250
250
252
250
251
250
264
256
257
258
258
257
256
257
257
256
257
257
256
258
256
257
256
257
257
258
257
257
256
257
257
258
256
258
257
257
257
257
250
250
251
251
251
250
251
251
251
250
251
252
250
252
250
250
250
250
251
250
250
250
251
251
250
250
251
250
251
253
250
251
251
250
250
251
250
251
250
251
251
251
250
250
251
251
251
250
250
250
251
250
377
251
251
252
250
250
251
251
250
251
250
252
251
250
251
252
250
250
251
250
253
250
250
266
251
251
251
251
250
250
250
251
250
251
295
250
251
250
252
251
250
252
250
250
250
251
251
252
250
251
251
250
250
250
251
251
251
252
250
251
251
250
251
251
251
252
251
251
251
254
297
250
251
251
250
251
251
250
291
251
250
251
250
250
251
250
251
251
251
251
250
251
250
251
294
250
251
251
251
252
253
251
250
251
250
251
250
251
251
250
251
251
250
250
251
250
251
251
250
252
251
251
250
250
250
251
291
251
250
253
251
251
251
250
252
251
251
250
251
252
251
251
252
252
251
251
251
251
250
305
251
251
251
253
251
251
251
251
250
251
251
251
251
323
250
251
250
251
257
258
257
257
257
258
257
257
258
257
257
258
257
256
256
257
257
256
259
257
257
281
257
257
257
257
257
257
257
257
257
258
250
250
250
251
251
250
251
250
251
251
251
251
251
251
251
251
252
250
251
281
251
251
251
301
250
250
329
330
279
250
251
250
251
250
252
250
251
251
250
251
250
251
251
251
251
252
250
250
250
251
250
251
251
252
251
251
251
252
251
250
253
251
251
250
251
250
251
251
251
250
251
251
291
330
287
250
251
251
251
250
251
251
251
250
250
250
251
250
252
320
251
250
257
256
257
257
257
257
256
257
256
257
259
259
257
258
257
257
257
257
257
256
257
257
257
257
257
257
257
258
257
258
256
250
250
251
251
251
251
250
250
251
251
250
251
251
251
250
251
251
251
251
253
250
251
251
250
322
252
251
251
251
251
251
250
251
251
251
323
251
251
250
251
251
250
250
251
250
251
251
251
251
250
251
330
251
250
251
251
250
250
339
320
251
253
257
256
258
258
256
258
257
257
256
256
259
257
257
256
257
257
256
256
256
256
257
257
256
258
257
258
260
258
257
258
259
257
251
252
251
251
251
252
251
252
251
250
251
251
250
251
251
251
250
251
251
251
251
251
250
251
251
251
251
250
250
250
250
250
252
250
251
251
250
251
250
251
251
250
251
250
251
250
250
250
250
252
250
251
251
250
250
251
251
251
251
251
251
252
254
250
250
251
251
250
250
250
251
251
250
253
