330
330
329
330
330
330
330
329
375
330
330
331
330
329
477
329
329
406
329
338
338
338
341
338
338
340
339
675
338
338
339
338
338
337
338
338
338
339
337
338
337
338
340
339
338
338
338
337
338
338
338
338
338
337
338
338
339
338
339
338
338
339
338
337
338
338
338
338
338
338
337
338
337
338
338
337
330
330
329
329
331
329
331
329
330
329
331
331
424
329
329
331
330
330
330
329
330
330
330
329
329
330
329
330
329
330
330
330
330
437
331
330
331
329
329
457
330
330
329
332
329
329
330
329
329
329
330
330
344
406
331
330
329
338
339
337
337
338
339
338
338
337
339
338
338
338
338
339
338
337
339
339
338
338
338
338
340
344
339
338
337
337
330
330
329
330
329
329
330
330
330
329
330
330
330
329
331
329
337
330
410
330
420
333
329
329
329
330
330
329
337
339
339
339
339
360
337
338
338
338
338
339
339
341
338
338
338
340
338
339
338
339
338
338
339
337
338
338
338
337
339
338
337
340
341
340
337
339
339
338
339
338
338
377
346
347
337
338
339
338
337
337
338
338
337
338
338
337
329
437
379
377
330
350
338
383
346
389
331
330
330
330
329
330
330
329
329
329
330
332
329
330
330
330
330
339
338
337
338
337
338
337
340
337
338
338
340
340
338
338
337
339
337
340
337
339
337
339
338
338
339
337
338
338
337
338
338
339
338
338
338
338
338
339
349
341
337
339
338
338
339
360
340
337
337
338
338
337
338
338
337
338
339
337
338
338
337
338
338
339
338
374
343
343
371
338
338
338
338
337
338
339
339
338
338
338
338
338
339
339
337
338
338
337
338
338
338
337
339
338
338
338
339
337
338
337
338
338
338
338
340
339
338
337
338
338
382
338
337
343
337
338
339
338
338
338
337
338
339
339
340
338
338
339
337
337
338
338
350
338
337
338
339
338
349
340
340
339
338
329
330
329
329
329
407
330
330
330
330
329
330
376
330
330
329
330
329
329
331
329
330
330
329
329
329
330
329
329
330
330
330
332
413
330
332
330
329
329
331
329
497
330
333
330
330
330
329
330
330
330
330
329
329
330
329
330
329
330
329
329
473
371
414
330
329
446
330
329
329
330
329
333
330
374
329
330
329
330
329
331
330
524
330
330
338
337
338
337
337
338
337
337
337
338
337
338
338
338
342
337
337
338
338
338
338
338
338
339
338
338
338
338
338
330
329
329
329
331
329
329
331
330
330
330
329
330
329
329
330
329
330
331
329
330
329
340
331
416
547
330
330
329
338
338
337
338
338
338
337
338
337
338
337
338
340
338
337
338
378
338
338
338
338
345
339
339
338
337
337
339
338
330
331
330
330
329
330
330
329
329
329
329
332
330
330
329
330
330
329
488
329
329
330
330
333
329
330
330
330
330
330
366
329
329
330
330
329
329
331
383
332
375
329
330
330
330
330
330
330
332
330
330
376
338
338
329
330
330
339
337
338
338
338
338
339
338
338
337
387
337
337
339
337
342
340
339
337
370
338
338
338
340
338
339
352
365
329
330
329
330
329
329
330
330
331
329
330
330
329
330
329
329
329
329
330
329
330
392
330
330
331
432
330
330
330
330
330
329
330
329
330
330
330
330
402
330
330
330
329
330
329
330
330
329
329
329
330
329
329
330
330
329
329
330
330
329
330
330
330
329
330
331
330
329
329
340
330
331
330
330
330
330
330
330
330
329
388
330
329
393
330
329
329
330
330
329
330
329
329
330
330
330
330
330
332
330
330
329
330
330
329
329
330
330
329
329
330
335
330
454
330
329
329
329
329
330
330
329
330
330
329
330
329
329
329
329
329
329
329
330
410
329
331
330
329
329
488
365
331
330
338
337
338
340
337
338
338
338
338
338
361
339
339
337
338
338
339
338
338
338
338
337
337
339
338
338
341
338
340
338
332
329
330
329
329
329
330
330
331
329
329
329
329
330
331
330
330
329
330
329
330
329
330
329
331
329
329
329
329
329
336
332
330
416
330
329
329
329
330
329
329
330
330
329
330
330
329
329
329
329
329
330
330
329
330
330
330
333
331
330
331
329
330
329
330
329
329
330
330
329
330
330
329
330
330
329
330
331
329
329
329
329
330
331
329
329
330
330
329
330
329
329
330
330
330
329
331
331
329
451
456
451
450
451
436
440
423
426
398
398
400
397
386
387
386
375
382
338
338
338
338
338
338
338
337
338
338
338
338
339
338
339
338
337
338
338
330
329
330
330
330
329
329
329
329
330
330
330
330
330
