426
426
426
426
426
426
426
426
427
699
564
539
515
513
514
499
498
498
459
426
427
425
426
428
426
425
426
426
476
426
426
426
426
425
426
426
427
427
426
496
467
426
468
476
449
425
425
426
426
426
426
426
425
426
429
426
426
428
427
427
425
425
426
426
426
426
425
427
431
426
427
426
425
427
426
426
426
426
425
425
426
425
426
425
425
425
467
425
503
427
426
426
426
426
426
426
427
426
427
426
425
426
425
426
426
426
427
426
426
426
426
426
426
426
426
425
427
425
427
428
426
425
426
426
426
427
426
484
426
426
426
425
426
427
427
426
426
426
427
427
426
468
426
426
426
425
427
426
427
426
426
427
427
427
426
426
426
426
425
428
425
426
425
426
426
427
426
427
427
427
522
425
426
426
428
426
426
427
426
488
425
425
426
463
428
426
430
425
425
426
426
425
425
426
425
425
427
429
428
426
425
426
427
425
425
426
425
425
426
427
426
426
426
425
425
426
426
425
428
477
425
426
425
426
425
492
430
448
426
426
436
426
771
677
425
425
428
426
426
426
427
438
436
437
436
437
436
436
438
436
437
437
436
440
436
437
437
436
437
437
436
436
436
436
436
436
436
435
426
425
426
429
426
427
427
426
426
426
426
426
426
426
426
426
426
425
425
427
426
426
428
425
426
426
427
425
426
425
426
426
426
426
427
426
426
426
426
426
425
427
427
477
426
426
426
426
426
426
427
427
426
425
426
425
426
426
427
426
426
430
432
426
425
425
426
426
428
425
426
425
426
426
426
427
426
427
426
426
426
427
426
426
425
426
426
427
427
431
426
426
425
455
426
426
427
426
466
426
427
517
428
425
425
426
429
425
425
426
428
426
426
485
425
427
426
426
425
425
425
427
425
426
426
426
428
425
426
427
426
426
427
425
425
426
426
426
626
425
426
426
426
425
426
426
426
426
425
426
426
426
426
426
426
425
426
426
425
427
428
425
426
426
426
427
426
427
426
425
427
427
426
426
426
426
427
426
425
433
426
428
426
427
426
425
425
425
425
427
426
426
425
426
425
426
426
425
428
426
426
425
426
426
495
425
426
426
426
425
425
426
426
425
426
427
427
427
425
426
426
427
426
426
426
427
425
426
425
427
426
430
427
425
425
425
426
426
426
425
427
425
425
426
426
428
427
426
426
426
426
430
426
426
426
426
427
425
426
494
426
425
426
426
427
425
426
425
432
426
427
426
426
427
426
425
425
426
425
427
426
426
427
425
426
426
427
426
427
425
426
425
425
426
427
426
426
428
425
426
425
426
427
426
426
426
425
433
426
426
426
426
425
426
428
426
427
427
429
426
426
425
426
425
426
429
425
427
426
426
426
426
426
425
425
425
425
426
526
425
426
426
426
426
425
425
426
426
426
425
426
430
425
426
425
426
426
427
425
426
425
426
427
426
426
429
425
426
426
426
425
426
426
425
426
425
426
428
427
425
425
426
428
425
426
425
425
426
426
427
425
426
426
426
426
426
426
427
426
427
427
426
426
426
426
425
426
426
426
426
427
425
425
425
426
426
425
425
427
426
467
426
426
427
426
426
426
608
426
425
426
426
426
468
426
427
425
427
425
427
467
426
425
426
427
425
426
427
425
427
425
425
427
532
425
427
428
426
427
435
441
425
425
425
429
425
426
427
426
426
426
426
426
425
427
426
426
425
426
426
427
426
426
426
426
481
426
425
426
425
427
426
425
425
425
425
426
425
427
426
426
426
425
426
425
425
426
425
426
427
426
426
426
428
426
426
425
426
426
426
426
425
425
426
425
426
484
425
428
443
427
426
428
427
427
426
426
426
510
426
426
426
426
426
467
426
427
426
426
426
427
426
426
427
426
426
425
425
426
425
426
425
426
437
437
436
436
436
437
437
437
437
436
437
437
436
437
435
436
436
437
436
437
436
435
441
438
437
436
470
427
426
426
426
427
426
426
469
522
426
429
426
426
426
425
473
427
426
426
427
426
426
426
426
425
427
437
437
436
437
438
437
436
438
436
437
438
437
438
436
436
437
436
436
438
437
437
437
437
437
436
437
450
425
425
426
429
426
426
426
426
426
426
426
427
427
427
426
425
501
427
426
427
428
426
426
426
426
426
426
441
425
427
425
426
427
507
426
426
426
427
428
426
426
426
426
425
426
426
426
426
427
426
425
426
426
426
425
426
432
425
428
426
427
472
427
426
426
426
426
426
427
429
426
425
426
426
428
426
426
426
426
426
428
427
427
426
536
428
427
427
426
