537
539
540
538
538
538
539
539
538
537
538
540
537
538
537
537
538
537
538
538
542
539
541
539
539
538
539
592
538
538
539
647
538
539
538
539
538
538
538
538
754
539
538
538
553
551
538
537
538
538
538
582
539
538
540
537
537
583
538
537
538
537
540
539
540
538
537
604
538
537
538
628
579
538
537
538
538
537
538
539
538
539
539
538
537
538
538
538
537
538
538
538
537
540
622
590
582
538
657
589
538
538
538
539
538
583
538
538
539
538
537
538
537
551
552
551
553
552
553
552
550
575
555
550
552
552
554
551
557
551
553
555
554
551
556
551
553
551
538
538
538
537
537
537
537
538
537
539
538
538
546
542
538
831
595
538
539
537
539
538
538
537
539
538
538
537
538
538
538
537
538
538
538
541
538
540
537
537
539
538
538
539
538
538
537
538
539
539
537
537
539
539
539
613
661
538
538
538
539
540
538
538
539
539
538
539
676
596
538
541
552
551
551
552
552
553
551
551
551
550
551
551
551
553
566
551
553
551
551
551
559
551
551
552
551
537
540
539
538
539
538
538
537
786
538
562
541
581
538
538
539
548
538
538
537
810
540
538
552
551
551
553
553
557
560
550
552
552
550
553
569
585
551
551
552
550
582
550
551
551
551
552
552
540
539
539
539
538
538
538
538
538
539
538
538
538
537
538
539
539
538
540
537
619
538
538
538
538
537
538
538
655
775
540
583
564
612
538
538
538
539
538
539
538
538
539
539
538
538
539
537
550
555
552
550
552
551
552
552
551
550
552
551
551
551
551
551
590
551
551
551
551
551
552
551
539
539
537
581
537
538
538
538
538
537
538
538
539
537
544
538
538
538
539
538
540
539
540
538
539
538
546
538
706
538
538
540
537
633
538
538
704
538
538
539
539
537
537
538
537
539
537
538
539
539
539
538
537
538
538
539
538
537
865
537
541
538
538
537
539
538
537
538
537
662
538
539
538
539
539
538
537
539
538
541
538
539
539
537
538
538
539
538
538
538
538
538
539
538
539
537
537
538
538
537
539
538
540
538
538
538
537
539
538
538
538
539
537
537
538
540
538
538
541
537
539
539
537
538
539
538
538
539
584
538
537
539
539
537
537
541
538
537
538
538
538
537
539
537
538
538
608
537
538
538
638
538
629
540
537
538
538
537
537
538
538
539
538
538
539
538
538
537
538
540
537
538
538
539
539
537
538
538
538
539
538
538
538
537
537
538
537
538
540
539
537
539
538
537
538
538
537
538
538
538
537
538
538
539
539
538
539
537
538
539
538
539
537
537
538
539
537
539
630
537
538
538
538
537
538
538
537
537
539
537
538
538
538
538
538
538
538
539
537
538
540
537
537
538
541
538
536
540
537
538
538
538
538
538
537
538
538
538
540
538
537
540
538
538
538
538
538
538
538
538
537
539
539
539
538
537
542
537
538
538
539
538
537
538
537
538
538
537
537
537
538
538
538
539
538
540
540
538
538
539
538
537
542
538
624
539
538
538
546
542
538
537
548
538
537
537
537
537
537
539
537
539
540
538
537
538
539
599
539
538
538
538
624
537
538
537
538
538
538
538
537
538
538
538
538
539
539
538
538
537
538
538
540
537
538
538
538
537
539
537
538
540
537
538
539
537
538
537
538
539
537
538
541
538
537
538
538
538
540
537
537
538
539
537
538
538
537
538
538
539
537
538
538
537
537
538
537
537
538
538
540
538
538
540
538
538
537
538
538
538
540
537
537
537
538
539
539
537
538
538
538
538
539
538
537
538
538
539
634
538
538
595
538
541
538
539
541
539
537
538
538
537
538
538
538
538
540
538
538
538
540
538
689
539
545
537
538
539
538
538
537
539
538
539
540
538
537
539
537
540
538
539
538
538
538
539
537
538
538
537
537
537
537
538
537
538
537
538
538
538
537
542
537
538
538
538
538
540
538
537
537
538
539
538
537
538
538
538
538
537
539
539
538
537
538
538
539
538
538
627
538
538
538
538
537
538
538
539
538
537
538
537
586
537
538
538
538
538
539
538
537
538
538
541
537
538
539
539
538
538
538
538
538
537
541
538
538
536
538
538
539
537
538
537
538
539
538
539
538
541
538
538
538
539
537
538
540
538
577
538
538
539
537
539
537
539
538
537
539
538
538
538
538
538
538
538
538
538
540
537
538
538
537
538
539
538
540
538
798
538
539
537
539
543
539
537
637
538
539
539
538
538
538
539
540
537
538
538
537
540
537
541
537
537
537
540
538
538
539
538
539
540
537
570
537
