671
670
671
671
670
671
670
671
670
669
670
670
895
670
671
671
670
673
671
670
670
670
670
670
670
672
669
669
671
671
670
670
669
671
669
670
670
670
670
671
671
670
672
670
670
670
671
670
670
670
671
669
670
670
669
671
669
670
716
884
692
672
741
670
671
697
1154
890
763
686
687
687
688
687
685
686
688
687
686
687
687
686
686
686
686
687
686
670
669
669
670
670
670
671
671
670
841
673
668
672
671
669
670
669
672
732
670
777
670
671
670
671
757
669
672
670
670
669
670
671
671
670
671
670
670
670
670
670
670
670
670
676
678
670
671
710
792
710
687
1277
671
670
670
670
668
671
670
669
670
670
671
731
670
670
687
688
687
690
689
688
687
687
687
686
686
688
686
687
686
689
688
687
686
688
686
687
669
671
671
670
670
669
670
669
670
672
670
671
670
669
670
710
670
670
670
828
671
671
669
670
670
670
670
669
670
670
670
670
669
671
671
669
686
670
670
670
670
670
670
669
669
737
670
671
669
670
669
670
670
671
677
670
671
672
669
718
670
670
669
670
670
670
670
670
672
670
670
669
671
670
670
669
671
670
671
669
668
668
670
669
670
669
671
671
671
670
670
670
672
670
670
671
670
752
671
672
786
670
670
673
833
671
672
670
670
671
671
669
670
670
670
676
670
670
671
670
670
669
670
669
670
671
670
669
671
671
670
670
673
670
671
670
671
669
670
826
670
671
673
672
671
669
670
673
670
669
669
671
672
670
670
675
671
672
669
671
670
672
670
669
669
670
671
670
670
670
671
669
670
671
670
670
670
672
670
669
670
670
670
671
669
670
671
671
670
669
670
670
669
670
673
670
670
670
670
670
669
669
671
671
671
668
670
671
671
670
732
670
672
670
669
670
671
670
670
670
670
669
670
670
669
671
670
670
670
761
671
670
669
670
671
670
670
669
671
670
670
671
669
670
672
672
671
670
669
669
671
671
669
673
672
672
670
671
670
678
672
670
742
669
671
670
671
671
670
670
670
670
670
670
670
671
669
672
671
673
670
671
671
670
670
669
670
670
670
670
671
670
670
670
670
670
670
670
670
670
670
671
669
669
670
672
669
670
670
669
670
672
670
670
670
670
671
670
670
672
671
670
670
671
669
671
670
670
670
729
669
717
671
671
671
669
669
669
669
670
670
669
670
669
670
670
669
669
669
670
670
670
669
669
670
670
670
670
671
668
668
671
670
670
670
670
670
671
671
670
670
671
670
670
670
671
669
671
670
763
670
670
670
669
671
669
669
670
670
669
670
670
669
671
670
669
670
669
670
670
730
783
670
670
669
670
672
670
670
670
670
816
670
670
671
670
670
670
672
670
670
670
669
669
670
670
671
671
671
671
671
671
671
670
672
669
670
670
669
670
670
670
670
671
716
671
669
671
670
671
670
669
669
670
671
669
670
670
670
669
675
669
732
670
671
670
670
670
669
669
671
670
671
671
670
670
672
669
670
670
671
671
669
671
669
670
670
670
669
670
672
670
673
671
670
670
670
670
671
670
671
670
670
670
685
670
670
670
670
669
671
671
670
670
670
671
672
670
671
671
670
670
670
670
670
670
670
671
670
670
670
670
670
670
670
670
670
669
681
671
671
670
670
670
670
670
669
671
669
671
670
670
670
670
670
669
670
671
671
670
671
669
669
671
669
671
671
671
669
670
669
670
670
670
669
684
669
671
669
671
671
672
670
669
670
669
669
669
670
671
654
656
653
654
655
654
656
654
657
654
655
656
656
655
653
698
654
655
1104
655
654
654
670
670
670
671
674
673
738
671
712
705
670
670
676
795
671
670
671
669
670
670
670
687
687
687
688
686
688
687
686
687
687
686
686
686
688
688
687
687
686
692
687
687
687
687
670
677
670
772
670
670
765
670
670
670
670
671
670
671
670
669
671
669
669
669
670
670
670
671
669
669
670
672
670
670
673
670
670
669
669
670
670
670
670
669
670
670
669
669
796
670
669
671
670
670
669
671
671
971
687
670
670
669
670
711
671
671
669
669
671
670
671
670
670
755
670
671
672
669
669
672
671
671
669
670
671
670
669
671
676
670
672
673
671
670
669
670
671
671
671
712
669
671
672
673
670
670
670
670
673
669
675
669
671
670
670
670
729
669
670
671
670
671
672
670
669
669
678
670
671
669
670
670
670
674
678
671
670
670
670
673
670
672
768
671
672
671
669
671
670
670
671
670
670
669
670
714
671
673
671
670
669
669
670
670
670
670
670
670
670
670
670
670
