862
862
861
863
862
862
862
862
861
862
861
843
842
841
844
843
842
841
845
842
842
842
842
841
842
842
841
841
845
1169
983
862
862
861
861
864
861
864
862
937
866
867
862
862
863
862
862
863
912
862
861
861
863
862
862
863
862
902
863
906
863
863
877
859
863
863
862
861
860
863
862
862
863
863
860
862
864
863
865
863
862
878
864
861
861
862
922
863
863
863
863
862
860
862
863
863
862
864
864
861
862
919
861
862
912
863
865
862
862
861
861
863
862
861
863
863
862
863
861
862
862
861
861
1034
863
861
865
864
862
863
862
862
864
910
863
862
863
862
866
862
922
863
863
862
862
907
865
862
862
862
878
994
902
861
862
861
867
864
866
863
864
863
861
862
861
991
862
862
865
871
864
863
861
904
862
864
866
861
862
862
863
864
860
905
861
862
862
863
862
861
925
861
863
861
862
862
860
861
861
863
862
860
860
862
863
862
860
862
933
863
862
867
863
863
863
860
864
866
862
863
861
862
864
863
863
863
861
867
861
859
869
861
860
863
862
864
862
862
861
862
866
861
863
862
860
862
865
862
862
862
861
863
864
862
862
862
860
863
864
861
863
863
905
865
861
864
864
861
863
864
862
869
862
860
862
862
862
863
860
862
862
866
861
863
864
863
863
862
861
862
861
864
862
969
865
863
862
908
861
860
864
863
863
862
862
863
861
861
971
862
862
862
861
863
861
863
862
862
862
861
864
863
863
861
863
861
860
863
910
862
862
862
862
862
862
863
913
861
861
902
862
861
862
862
863
860
861
861
861
862
862
862
863
863
863
863
860
862
864
863
876
865
862
863
974
862
863
862
863
863
863
863
863
863
863
863
864
861
874
863
863
917
1042
901
870
862
862
862
866
863
862
863
949
860
863
862
860
861
862
863
862
862
861
862
862
862
861
863
861
865
863
863
862
861
862
862
861
863
862
863
925
861
862
864
864
862
873
862
862
863
862
862
861
862
860
862
863
862
862
862
863
861
863
863
862
861
862
862
860
863
863
862
862
866
863
862
862
862
860
862
861
863
861
969
865
947
863
863
864
866
863
903
861
864
863
861
863
861
865
863
862
861
861
862
862
861
862
860
862
862
862
862
864
862
863
862
862
863
862
861
863
863
909
861
864
948
931
863
862
864
862
861
864
863
863
861
863
916
862
862
862
863
869
860
861
863
863
916
863
862
862
857
863
863
863
864
865
920
862
861
862
862
915
842
841
842
843
840
843
840
841
843
841
840
877
841
840
842
842
841
842
843
858
862
862
865
861
862
862
862
863
862
862
862
862
867
862
862
864
862
947
864
862
861
862
865
862
862
909
862
861
862
864
863
863
863
861
862
862
860
863
863
862
865
864
863
862
862
861
861
862
862
860
864
863
861
863
863
862
862
863
907
956
863
861
862
861
862
861
861
862
865
866
861
862
862
863
915
863
863
1025
943
863
901
860
864
864
943
903
865
863
862
862
862
859
863
864
862
922
862
861
969
866
866
861
862
912
951
863
928
1029
985
877
896
863
863
861
863
861
864
862
863
862
927
890
883
883
882
883
884
885
882
883
883
882
883
883
885
884
884
883
885
884
883
883
861
863
864
861
863
864
864
861
862
863
862
861
862
861
862
1019
973
864
862
862
861
862
863
950
865
861
863
863
1066
863
861
861
862
863
861
861
1094
862
863
862
883
885
883
884
884
883
883
899
886
883
881
883
884
887
882
882
883
884
883
889
862
863
861
862
861
863
861
863
864
863
864
862
862
862
862
863
862
863
861
863
863
861
863
862
861
864
862
861
862
944
863
870
861
898
861
861
861
862
863
864
863
862
862
904
860
864
861
861
863
862
861
863
862
861
862
864
862
862
862
863
862
861
862
862
862
862
863
862
862
863
862
862
862
862
862
863
862
861
862
862
862
866
864
861
862
862
862
862
863
1157
865
863
861
862
867
862
861
865
863
862
862
861
985
887
864
862
863
860
862
891
883
861
863
862
862
865
862
862
863
862
863
861
936
862
865
862
863
861
862
862
862
862
863
862
864
863
863
862
862
862
863
861
861
863
861
861
863
861
863
1265
1139
980
863
864
864
863
863
862
862
862
863
861
862
861
864
935
864
862
863
863
863
862
909
864
862
861
862
863
862
862
862
862
860
862
863
910
860
863
862
862
862
864
863
861
861
863
862
861
865
866
862
862
861
863
862
863
863
861
863
860
863
864
862
862
863
862
863
862
867
863
862
862
861
862
864
861
863
863
921
862
861
862
863
862
863
