1035
1031
1070
1031
1033
1033
1032
1031
1031
1032
1029
1031
1033
1034
1033
1035
1079
1035
1032
1033
1032
1031
1033
1036
1033
1032
1032
1032
1031
1033
1083
1032
1030
1029
1033
1032
1032
1032
1036
1031
1036
1030
1030
1034
1036
1030
1037
1032
1033
1097
1032
1033
1037
1034
1031
1032
1030
1031
1031
1031
1036
1033
1036
1030
1031
1030
1006
1007
1007
1011
1055
1011
1011
1010
1278
1008
1013
1007
1007
1007
1693
1248
1043
1031
1106
1033
1037
1032
1035
1034
1031
1034
1034
1031
1032
1034
1031
1033
1032
1035
1031
1035
1034
1037
1031
1031
1031
1034
1033
1107
1145
1035
1030
1031
1075
1035
1037
1033
1032
1033
1033
1032
1035
1031
1032
1033
1032
1032
1158
1040
1034
1033
1031
1038
1032
1035
1031
1034
1029
1032
1031
1034
1075
1033
1031
1044
1034
1033
1032
1033
1033
1030
1032
1035
1030
1032
1036
1034
1031
1009
1006
1010
1006
1007
1008
1009
1013
1071
1005
1007
1008
1144
1090
1007
1455
1465
1009
1060
1058
1059
1060
1058
1056
1062
1060
1060
1090
1060
1058
1061
1057
1059
1056
1058
1325
1364
1174
1031
1032
1032
1031
1033
1032
1034
1033
1031
1035
1032
1038
1032
1126
1033
1032
1036
1031
1031
1031
1032
1033
1033
1033
1032
1030
1031
1031
1100
1032
1034
1034
1083
1086
1057
1033
1033
1033
1036
1037
1035
1034
1036
1030
1034
1032
1034
1314
1032
1077
1031
1326
1101
1057
1059
1305
1065
1057
1061
1062
1086
1061
1058
1058
1058
1059
1059
1058
1059
1056
1056
1062
1058
1060
1057
1058
1056
1059
1057
1058
1057
1058
1064
1058
1062
1062
1057
1056
1059
1061
1007
1035
1085
1013
1006
1006
1010
1005
1007
1007
1007
1012
1006
1007
1009
1256
1009
1007
1055
1056
1057
1057
1061
1057
1058
1058
1058
1063
1059
1056
1061
1057
1091
1093
1064
1059
1071
1031
1036
1032
1036
1031
1030
1030
1033
1033
1036
1032
1030
1035
1034
1035
1240
1082
1031
1031
1036
1030
1035
1031
1033
1034
1933
1333
1103
1031
1033
1032
1031
1513
1276
1032
1033
1033
1039
1032
1035
1031
1036
1029
1037
1031
1036
1029
1038
1031
1033
1039
1034
1097
1043
1035
1035
1031
1033
1036
1032
1034
1033
1035
1032
1035
1030
1076
1031
1118
1031
1116
1037
1031
1031
1033
1032
1035
1032
1032
1034
1036
1031
1035
1031
1034
1029
1264
1036
1034
1033
1034
1033
1033
1033
1034
1033
1175
1034
1052
1031
1032
1030
1033
1038
1034
1032
1030
1033
1030
1032
1036
1033
1033
1046
1032
1031
1032
1036
1174
1140
1030
1032
1035
1037
1033
1033
1090
1031
1034
1031
1030
1131
1297
1031
1034
1031
1033
1029
1149
1103
1032
1032
1034
1031
1037
1032
1032
1036
1033
1035
1082
1035
1036
1036
1034
1033
1033
1032
1032
1034
1030
1030
1031
1031
1033
1035
1032
1075
1030
1032
1031
1147
1036
1032
1040
1030
1031
1033
1035
1029
1032
1037
1032
1105
1036
1104
1032
1031
1031
1031
1031
1035
1036
1030
1034
1033
1032
1030
1039
1032
1037
1029
1033
1031
1033
1031
1085
1084
1031
1036
1032
1033
1035
1033
1034
1035
1032
1031
1030
1033
1032
1029
1032
1032
1037
1031
1328
1036
1033
1074
1195
1190
1035
1032
1032
1031
1192
1115
1035
1035
1032
1034
1057
1067
1059
1056
1058
1058
1063
1061
1057
1058
1067
1064
1058
1057
1060
1062
1067
1058
1064
1031
1032
1029
1034
1033
1031
1030
1030
1036
1033
1033
1080
1033
1033
1034
1031
1033
1380
1033
1033
1030
1033
1031
1031
1032
1126
1034
1034
1034
1033
1035
1032
1030
1033
1030
1033
1031
1032
1030
1032
1031
1035
1031
1105
1456
1034
1037
1032
1036
1034
1032
1073
1036
1031
1033
1057
1055
1058
1057
1058
1059
1076
1057
1062
1056
1057
1063
1061
1057
1057
1063
1062
1061
1062
1058
1068
1057
1058
1059
1058
1059
1060
1058
1059
1058
1058
1059
1062
1062
1060
1060
1059
1031
1034
1032
1033
1030
1032
1034
1033
1031
1145
1036
1086
1033
1125
1030
1031
1030
1034
1035
1033
1031
1031
1033
1034
1082
1033
1032
1030
1032
1032
1030
1032
1031
1032
1077
1036
1084
1056
1058
1058
1059
1060
1057
1059
1062
1058
1063
1094
1080
1058
1058
1057
1058
1057
1059
1031
1032
1036
1030
1035
1035
1036
1036
1035
1031
1035
1031
1032
1031
1029
1036
1043
1034
1032
1036
1037
1030
1031
1033
1030
1042
1096
1035
1110
1034
1032
1035
1031
1031
1152
1032
1029
1057
1059
1058
1057
1056
1063
1057
1057
1059
1059
1060
1060
1059
1064
1057
1059
1062
1061
1054
1031
1035
1037
1032
1034
1034
1031
1037
1033
1037
1034
1033
1033
1031
1032
1034
1034
1030
1029
1031
1033
1031
1030
1034
1188
1207
1128
1074
1034
1082
1032
1031
1031
1036
1031
1082
1060
1057
1059
1058
1063
1059
1057
1058
1062
1083
1060
1057
1059
1057
1057
1058
1092
1062
1066
1103
1031
1036
1030
1033
1030
1033
1032
1031
1031
1032
1032
1033
1038
1032
1034
1138
1111
1062
1060
1058
1058
1059
1057
1059
1074
1059
1058
1057
1061
1061
1054
1058
1059
1056
1057
1060
1035
1032
1080
1032
1033
1034
1031
1031
1034
1032
1035
1035
1032
1031
1032
1033
1037
1032
1034
1030
1031
1077
1033
1030
1031
1033
1071
1032
1033
1030
1033
1035
1032
1031
1031
1032
1036
1053
1060
1057
1058
1059
1058
1057
1070
1057
1057
1057
1057
1060
1059
1061
1058
1060
1063
1059
1036
1097
1078
1038
1031
1036
1032
1033
1033
1029
1033
1032
1036
1032
1031
1034
1035
1033
1037
1033
1033
1086
1035
1030
1036
1036
1113
1034
1033
1031
1030
1037
1030
1038
1034
1032
1042
1031
1033
1031
1035
1030
1031
1033
1036
1035
1028
1033
1033
1034
1030
1030
1037
1034
1033
1034
1033
1008
1007
1069
1007
1093
1009
1014
