1215
1314
1216
1219
1212
1217
1217
1215
1216
1217
1214
1246
1293
1246
1247
1246
1244
1246
1244
1246
1245
1243
1245
1246
1248
1246
1246
1247
1247
1245
1245
1247
1242
1248
1243
1246
1247
1646
1376
1308
1246
1245
1245
1241
1248
1217
1215
1279
1214
1217
1215
1433
1218
1512
1418
1280
1213
1216
1215
1216
1215
1298
1244
1246
1243
1246
1246
1246
1246
1244
1249
1245
1244
1245
1443
1244
1335
1246
1297
1245
1247
1289
1244
1246
1247
1243
1249
1246
1351
1243
1245
1282
1247
1318
1246
1246
1247
1246
1246
1243
1245
1245
1244
1247
1309
1244
1317
1245
1248
1247
1243
1246
1244
1239
1243
1293
1244
1246
1247
1245
1250
1246
1243
1245
1243
1245
1245
1247
1245
1245
1245
1244
1243
1246
1333
1246
1242
1244
1245
1242
1326
1506
1247
1246
1244
1245
1247
1249
1246
1244
1246
1248
1245
1243
1246
1242
1291
1647
1406
1293
1243
1245
1243
1243
1244
1245
1244
1247
1240
1242
1295
1244
1398
1247
1245
1283
1354
1246
1245
1245
1244
1245
1244
1243
1297
1244
1247
1244
1244
1247
1246
1246
1294
1245
1247
1245
1245
1244
1246
1245
1245
1243
1245
1248
1244
1244
1244
1243
1244
1258
1245
1283
1246
1293
1297
1293
1244
1246
1248
1246
1239
1250
1246
1245
1247
1246
1244
1242
1244
1244
1250
1246
1310
1246
1250
1336
1248
1244
1245
1245
1246
1247
1250
1245
1282
1245
1348
1246
1311
1279
1244
1245
1243
1244
1300
1246
1244
1247
1244
1245
1245
1323
1284
1248
1274
1245
1245
1248
1247
1339
1399
1339
1308
1246
1244
1244
1245
1248
1248
1245
1245
1247
1254
1246
1246
1245
1245
1241
1242
1244
1245
1247
1245
1245
1296
1247
1246
1246
1245
1245
1246
1216
1214
1259
1215
1214
1214
1217
1216
1213
1215
1215
1216
1216
1216
1214
1216
1215
1318
1244
1251
1244
1246
1247
1343
1242
1246
1243
1243
1292
1243
1246
1244
1245
1245
1245
1246
1245
1248
1246
1245
1241
1245
1247
1246
1246
1245
1406
1245
1247
1247
1246
1246
1245
1313
1247
1242
1245
1245
1245
1247
1245
1272
1244
1244
1260
1247
1246
1243
1255
1244
1247
1245
1246
1246
1243
1244
1245
1250
1246
1247
1244
1247
1246
1286
1294
1249
1246
1243
1296
1245
1244
1247
1246
1246
1246
1247
1244
1243
1246
1247
1247
1247
1246
1243
1216
1212
1421
1535
1514
1290
1216
1217
1214
1215
1214
1217
1215
1214
1215
1208
1216
1244
1244
1247
1244
1248
1247
1291
1246
1247
1244
1545
1246
1245
1247
1245
1245
1247
1245
1245
1244
1249
1246
1244
1240
1246
1238
1246
1302
1243
1245
1245
1246
1246
1244
1245
1245
1244
1246
1307
1247
1247
1244
1244
1246
1247
1244
1243
1245
1245
1244
1244
1253
1216
1214
1216
1216
1898
1216
1300
1215
1217
1215
1216
1217
1219
1214
1218
1216
1229
1246
1244
1303
1245
1244
1254
1245
1245
1247
1244
1288
1248
1247
1244
1247
1245
1243
1216
1218
1215
1215
1216
1213
1222
1216
1216
1215
1215
1215
1216
1218
1216
1215
1217
1246
1246
1249
1247
1246
1243
1247
1250
1283
1243
1244
1242
1247
1244
1243
1245
1246
1245
1290
1246
1242
1252
1244
1249
1250
1292
1251
1295
1245
1243
1245
1247
1244
1244
1244
1245
1245
1245
1241
1243
1250
1248
1244
1246
1245
1244
1246
1254
1236
1245
1245
1245
1214
1217
1266
1217
1215
1246
1219
1215
1214
1217
1216
1218
1217
1214
1218
1216
1260
1217
1218
1216
1215
1217
1217
1217
1215
1215
1215
1215
1374
1215
1284
1215
1214
1215
1217
1214
1219
1349
1214
1415
1217
1700
1215
1217
1216
1214
1405
1215
1371
1267
1216
1274
1244
1244
1245
1247
1245
1248
1246
1246
1246
1242
1244
1293
1246
1246
1250
1247
1295
1247
1244
1245
1247
1243
1246
1245
1247
1244
1288
1242
1244
1242
1245
1248
1313
1245
1243
1247
1244
1245
1245
1242
1245
1245
1245
1243
1243
1286
1245
1247
1245
1247
1243
1244
1214
1216
1212
1214
1215
1214
1208
1215
1412
1212
1222
1258
1807
2101
1224
1216
1213
1245
1249
1244
1245
1245
1246
1246
1244
1244
1244
1248
1244
1244
1247
1245
1244
1247
1215
1217
1262
1215
1216
1216
1215
1217
1266
1216
1265
1274
1212
1214
1214
1255
1217
1372
1222
1314
1214
1214
1215
1215
1216
1216
1213
1216
1216
1213
1216
1216
1215
1212
1216
1220
1247
1346
1244
1244
1367
1245
1246
1247
1243
1242
1245
1245
1244
1276
1246
1244
1244
1244
1245
1264
1246
1241
1250
1242
1247
1247
1248
1242
1247
1357
1246
1248
1245
1252
1246
1246
1247
1245
1244
1246
1245
1246
1247
1247
1246
1246
1244
1249
1246
1244
1245
1244
1243
1241
1251
1245
1248
1243
1290
1246
1247
1245
1249
1245
1245
1244
1242
1243
1245
1214
1214
1215
1214
1214
1215
1216
1214
1215
1215
1216
1217
1214
1218
1215
1216
1214
1215
1216
1215
1295
1217
1216
1308
1216
1216
1217
1213
1220
1217
1215
1219
1216
1216
1214
1216
1215
1215
1215
1218
1214
1218
1216
1216
1215
1217
1216
1213
1260
1215
1215
1214
1255
1245
1288
1244
1246
1246
1244
1243
1244
1245
1246
1247
1246
1246
1243
1245
1245
1244
1218
1216
1212
1215
1216
1214
1214
1214
1417
1243
1214
1215
1216
1217
1216
1216
1217
1245
1245
1291
1246
1243
1245
1248
1247
1245
1246
1242
1246
1247
1293
1245
1246
1248
1245
1216
1215
1214
1214
1214
1215
1215
1216
1217
1217
1289
1215
1213
1216
1218
1214
1215
1215
1216
1218
1214
1213
1216
1218
1383
1216
1214
1464
1218
1214
1318
1215
1215
1216
1212
1246
1245
1242
1245
1244
1245
1246
1247
1245
1246
1344
1246
1249
1252
1245
1243
1246
1244
1245
1242
1246
1243
1245
1245
1247
1243
1244
1245
1246
1245
1247
1244
1244
1246
1245
1215
1214
1217
1216
1214
