1484
1378
1378
1375
1377
1421
1484
1375
1377
1376
1567
1376
1375
1378
1462
1374
1377
1374
1434
1375
1376
1376
1377
1376
1377
1375
1377
1380
1376
1376
1375
1377
1376
1424
1379
1376
1378
1375
1377
1605
1536
1499
1499
1375
1410
1409
1408
1413
1408
1410
1410
1412
1457
1493
1456
1411
1409
1409
1410
1408
1458
1410
1410
1412
1460
1410
1458
1408
1422
1408
1608
1410
1409
1422
1415
1412
1413
1411
1496
1412
1454
1413
1456
1410
1410
1412
1539
1412
1410
1409
1502
1412
1411
1409
1410
1409
1501
1412
1454
1555
1408
1407
1408
1475
1409
1411
1411
1411
1416
1411
1410
1410
1450
1412
1467
1412
1452
1412
1496
1413
1411
1411
1410
1411
1410
1455
1410
1411
1412
1411
1411
1520
1443
1410
1412
1526
1418
1411
1410
1461
1411
1410
1409
1458
1409
1739
1867
1458
1413
1410
1409
1412
1411
1409
1409
1409
1461
1412
1410
1410
1410
1410
1409
1409
1459
1410
1412
1411
1408
1412
1419
1444
1376
1377
1376
1375
1377
1377
1376
1377
1378
1377
1447
1377
1377
1377
1419
1378
1377
1378
1385
1378
1470
1377
1482
1376
1376
1943
1541
1469
1380
1572
1394
1459
1451
1409
1409
1456
1410
1410
1410
1410
1408
1410
1409
1410
1412
1457
1518
1411
1543
1412
1407
1486
1643
1416
1410
1411
1413
1408
1409
1560
1412
1448
1411
1452
1410
1410
1409
1418
1407
1633
1409
1408
1410
1411
1408
1457
1413
1569
2095
1841
1818
1757
2144
1704
1657
1658
1652
1604
1435
1409
1411
1409
1409
1410
1525
1409
1410
1411
1410
1409
1411
1410
1411
1412
1583
1413
1424
1411
1411
1469
1410
1410
1416
1526
1409
1408
1410
1412
1457
1410
1410
1413
1410
1420
1519
1410
1410
1410
1411
1408
1413
1685
1501
1505
1446
1449
1446
1449
1446
1472
1445
1445
1446
1466
1445
1445
1446
1443
1446
1509
1411
1412
1410
1474
1530
1711
1447
1409
1410
1415
1410
1408
1411
1410
1413
1411
1411
1409
1412
1410
1416
1570
1410
1410
1409
1414
1410
1410
1714
1816
1444
1447
1445
1446
1448
1473
1444
1446
1445
1446
1832
1699
1445
1444
1447
1456
1410
1411
1410
1412
1412
1410
1416
1457
1408
1453
1583
1411
1408
1409
1411
1413
1410
1452
1409
1407
1410
1412
1415
1410
1412
1450
1866
1417
1819
1660
1412
1445
1446
1449
1446
1444
1447
1447
1445
1444
1446
1443
1447
1448
1447
1447
1449
1446
1446
1444
1444
1443
1444
1447
1445
1493
1449
1443
1446
1450
1445
1450
1408
1409
1407
1409
1409
1413
1792
1412
1412
1413
1411
1408
1412
1411
1455
1421
1445
1449
1446
1444
1444
1448
2314
1609
1445
1445
1447
1461
1449
1445
1506
1412
1407
1409
1411
1409
1483
1497
1410
1409
1489
1410
1413
1409
1409
1411
1443
1447
1448
1447
1447
1877
1453
1444
1445
1447
1444
1453
1445
1444
1442
1445
1409
1408
1411
1410
1411
1493
1411
1408
1410
1410
1411
1457
1479
1411
1411
1418
1413
1500
1413
1457
1409
1707
1412
1410
1410
1410
2089
1607
1502
1538
1444
1444
1470
1457
1443
1445
1446
1447
1446
1443
1445
1446
1456
1445
1474
1443
1410
1411
1411
1411
1410
1408
1414
1413
1411
1409
1457
1409
1410
1410
1412
1410
1411
1410
1457
1411
1411
1409
1409
1410
1411
1412
1457
1409
1454
1413
1412
1457
1411
1411
1413
1410
1411
1410
1488
1947
1409
1408
1611
1412
1456
1676
1618
1456
1444
1446
1443
1445
1450
1444
1445
1447
1445
1473
1446
1446
1445
1445
1445
1445
1474
1413
1411
1411
1408
1455
1412
1410
1411
1450
1410
1455
1410
1409
1412
1410
1412
1472
1545
1457
1410
1771
1522
1420
1410
1410
1411
1410
1521
1446
1411
1448
1447
1446
1448
1449
1444
2318
1605
1446
1446
1445
1444
1447
1446
1444
1410
1458
1538
1410
1445
1519
1860
1412
1413
1455
1490
1497
1900
1508
1412
1446
1446
1447
1447
1459
1457
1448
1445
1446
1446
1449
1447
1448
1805
1453
1446
1445
1444
1444
1445
1445
1452
1448
1445
1446
1448
1447
1445
1463
1450
1446
1411
1408
1409
1409
1411
1408
1505
1412
1458
1412
1503
1410
1497
1409
1456
1410
1411
1409
1410
1409
1498
1839
1413
1574
1410
1410
1409
1412
1409
1410
1413
1448
1444
1445
1443
1465
1447
1445
1481
1447
1466
1447
1445
1449
1471
1446
1458
1457
1412
1457
1425
1409
1412
1456
1408
1413
1410
1411
1412
1409
1460
1410
1413
1411
1408
1458
1410
1453
1410
1454
1413
1408
1475
1409
1412
1417
1414
1409
1410
1411
1411
1412
1411
1498
1412
1455
1410
1457
1410
1410
1409
1410
1412
1411
1500
1428
1537
1410
1410
1409
1411
1452
1409
1411
1413
1409
1410
1409
1497
1411
1445
1445
1450
1445
1444
1443
1446
1449
1485
1445
1471
1448
1470
1445
1444
1448
1409
1410
1502
1410
1410
1410
1411
1411
1459
1412
1412
1702
1488
1409
1412
1410
1458
1412
1410
1411
1456
1408
1412
1411
1458
1410
1497
1409
1454
1412
1537
1412
1409
1414
1411
1413
1408
1410
1455
1411
1409
1408
1454
1409
1411
1633
1410
1462
1411
1410
1409
1411
1410
1415
1406
1410
1410
1410
1408
1411
1408
1479
1409
1410
1411
1412
1411
1410
1412
1409
1411
1410
1410
1525
1411
1409
1406
1413
1413
1409
1467
1602
1530
1459
1521
1416
1410
1412
1411
1411
1411
1413
1411
1414
1448
1445
1445
1444
1444
1447
1445
1447
1445
1445
1445
1448
1444
1446
1445
1443
1484
1377
1483
1374
1375
1376
1377
1375
1376
1513
1377
1377
1375
1379
1376
1379
1432
1408
1412
1411
1411
1410
1408
1410
1412
1410
1411
1409
1409
1411
1409
1410
1410
1410
1419
1583
1410
1422
1412
1409
1459
1408
1410
1412
1411
1411
1454
1445
1444
1448
1446
1445
1455
1443
1444
1445
1446
1445
1445
1444
1444
1445
1449
1410
1411
1410
1408
1483
1410
1414
