1694
1704
1694
1694
1695
1697
1696
1695
1758
1697
1698
1695
1698
1698
1803
1773
1695
1900
1698
1788
1706
1697
1748
1742
1698
1696
1697
1697
1696
1698
1698
1693
1700
1696
1696
1704
1695
1697
1658
1718
1654
1752
1656
1838
1834
1659
1654
1871
1872
2091
1656
1658
1696
1698
1696
1794
1695
1695
1696
1695
1696
1696
1696
1696
1697
1697
1696
1700
1697
1695
1696
1698
1698
1696
1692
1694
1696
1697
1755
1694
1694
1656
1654
1655
1654
1725
1654
1655
1656
1658
1657
1656
2066
1932
1698
1657
1656
1699
1655
1699
1656
1653
1659
1653
1656
1656
1657
1657
1652
1657
1685
1741
1698
1693
1699
1800
1695
1761
1700
1693
1766
1779
1861
1695
1698
1697
1702
1695
1702
1698
1695
1739
1694
1697
1697
1746
1697
1699
1699
1698
1700
1700
1694
1697
1699
1696
1696
1697
1858
1702
1738
1696
1703
1695
1698
1738
1764
1655
1722
1657
1656
1655
1733
1714
1656
1661
1811
1783
1743
1660
1659
1767
1659
1657
1655
1658
1655
1702
1655
1788
1656
1973
1695
1784
1697
1700
1696
1695
1705
1694
1700
1697
1699
2125
1831
2522
1903
1752
1740
1738
1740
1779
2394
1940
1783
1738
1738
1746
1740
1736
1761
1696
1698
1696
1695
1702
2164
1745
1694
1780
1696
1693
1697
1694
1699
1695
1694
1741
1701
1695
1745
1698
1695
1697
1693
1698
1859
2299
1973
1695
1702
1697
1697
1694
1696
1701
1700
1696
1698
1694
1700
1745
1917
1702
1696
1694
1695
1695
1694
1700
1696
1699
1696
1783
1799
1789
1714
1701
1699
1699
1696
1694
1701
1699
1700
1696
1697
1697
1909
1696
1698
1695
1698
1764
1696
1701
1718
1698
1695
1696
1697
1695
1694
1698
1743
1696
1692
1693
1740
1698
1736
1757
1849
1699
1697
1696
1698
1948
1695
1696
2059
1963
1695
1695
1697
1698
1695
1847
1696
1768
1696
1700
1698
1695
1711
1745
2454
1930
1695
1701
1697
1694
1696
1704
1758
1694
1741
1930
1699
1697
1697
1699
1734
1696
1782
2394
1931
1695
1697
1695
1698
1695
1765
1700
1728
1737
1745
1739
1740
1740
1742
1739
1739
1738
1738
1738
1739
1737
1758
1657
1655
1652
1870
1657
1657
1738
1657
1855
1657
1763
1656
1660
1654
1660
1693
1779
1699
1696
1700
1700
1698
1763
1774
1697
1695
1697
1695
2030
1694
1699
1697
1699
1695
1701
1853
1742
1698
1691
1696
1697
1696
1740
1750
1739
1739
1737
1737
1737
1740
1839
1738
1747
1738
1737
1743
1738
1737
1659
1655
1655
1654
1655
1655
1696
1657
1655
1659
1656
1658
1654
1658
1658
1656
1718
1654
1655
1655
1659
1656
1657
1652
1657
1705
1655
1657
1659
1659
1697
1695
1695
1700
1698
1748
1694
1697
1697
1712
1699
1716
1699
1700
1696
1696
1697
1738
1697
1778
1697
1696
1696
1695
1698
1698
1695
1778
1695
1697
1742
1697
1697
1696
1702
1696
1699
1711
1698
1699
1833
1847
1703
1689
1696
1698
1698
1695
1695
1780
1695
1714
1699
1696
1696
1699
1697
1748
1701
1747
1656
1659
1656
1772
1658
1653
1655
1658
1656
1818
1652
1659
1655
1656
2432
1661
1661
1922
2034
1655
1657
1659
1699
1772
1655
1656
1685
1738
1743
1737
1739
1740
1737
1740
1743
1742
1742
1739
1741
1739
1741
1657
1836
1657
1655
1656
1660
1654
1657
1654
1660
1656
1653
1653
1782
1745
2783
1933
1743
1657
1657
1656
1655
1656
1654
1654
1656
1700
1655
1659
1660
1721
1742
1814
1846
1813
1716
1662
1967
1656
1660
1657
1727
1737
1739
1739
1740
1741
2607
1935
1736
1736
1739
1738
1739
1740
1737
1657
1657
2833
1936
1693
1656
1721
1655
1653
1656
1846
1658
1658
1660
1655
1652
1653
1700
1764
1654
1778
1655
1655
1657
1655
1659
1779
1655
1662
1693
1744
1777
1714
1696
1699
1696
1699
1698
1757
1696
1743
1699
1696
1699
1696
1695
1694
1692
1699
1700
1779
1698
1699
1698
1696
1701
1800
1695
1697
1656
1721
1655
1655
1663
1662
1659
1653
1656
1660
1655
1657
1655
1662
1657
1743
1715
1836
1754
1657
1657
1724
1701
1700
1658
1776
1659
1655
1657
1698
1696
1741
1695
1766
1694
1702
1715
1698
1695
1700
1695
1695
1694
1827
1695
1740
1696
1697
1696
1695
1942
1762
1696
1695
1695
1696
1698
1700
1700
1697
1748
1696
1742
1696
1696
1693
1749
1698
1744
1696
1696
1696
1697
1673
1721
1655
1660
1656
1660
1761
1657
1756
1702
1654
1658
1656
1783
1660
1744
1741
1693
1697
1693
1695
1697
1702
1805
1698
1704
1699
1700
1695
1745
1700
1695
1696
1749
1698
1691
1698
1697
1698
1698
1696
1747
1698
1739
1705
1656
1702
1657
1657
1766
1653
1775
1655
1657
1657
1801
1653
1759
1654
1659
1656
1702
1655
1655
1655
1656
1731
1718
1889
1656
1796
1655
1656
1655
1657
1709
1657
1655
1655
1766
1738
1700
1654
1721
1657
1656
1657
1655
1657
1707
1657
1654
1655
1657
1656
1655
1657
1656
1700
1741
1700
1707
1657
1761
1702
1695
1696
1700
1700
1696
1702
1697
1695
1700
1694
1697
1746
1696
1843
1700
1746
1696
1699
1703
1700
1696
1715
1695
1700
1701
1692
1697
1741
1740
1658
1658
1655
1656
1768
1655
1654
1657
1654
1656
1727
1759
1746
1654
1657
1655
1657
1658
1660
1655
1657
1659
1655
1767
1665
1657
1655
1656
1655
1700
1697
1703
1699
1700
1698
1743
1697
1746
1745
1694
1699
1693
1695
1695
1696
1784
1701
1742
1697
1786
1702
1698
1696
1695
1695
1702
1695
1695
1661
1724
1658
1657
1707
1769
1657
1657
1654
1742
1653
1777
1657
1748
1811
1695
1693
1706
1700
1698
1700
1746
1699
1745
1693
1700
1753
1697
1695
1749
1655
1651
1656
1788
1656
1656
1654
1654
1655
1658
1656
1662
1702
1659
1654
1863
1779
1873
1656
1656
1655
1652
1654
1655
1657
1759
1655
1659
1697
1698
1698
1695
