373
376
365
365
366
684
391
365
365
365
367
367
365
365
366
365
364
365
366
383
418
387
383
383
384
383
384
384
383
384
383
383
383
385
385
384
375
375
378
419
456
381
373
373
374
374
374
373
378
375
374
373
373
374
375
374
374
373
374
375
375
374
373
376
374
375
374
374
374
374
366
365
426
365
366
368
365
368
365
365
365
366
365
365
366
365
367
367
365
365
462
364
375
367
366
365
365
365
366
366
365
367
366
365
366
374
374
374
373
374
373
374
374
375
373
376
373
375
376
374
374
376
376
373
374
376
373
373
375
374
373
374
375
374
374
374
374
374
373
374
367
366
366
365
365
367
366
366
365
365
365
637
365
365
366
367
366
374
376
376
373
377
374
374
374
374
374
375
374
377
374
376
374
374
386
365
365
365
368
364
368
525
365
366
368
367
366
365
369
367
415
374
374
375
375
377
374
415
379
374
373
375
375
375
374
376
374
373
383
385
384
383
385
383
383
385
384
432
383
386
384
383
382
383
383
374
376
376
374
374
374
374
374
374
375
373
374
375
375
374
373
374
375
374
375
374
374
375
648
419
374
373
374
375
374
498
376
384
384
383
384
383
384
385
384
385
383
383
406
382
384
383
384
375
374
373
373
374
374
373
374
374
377
373
374
374
376
374
374
375
374
374
374
375
374
374
373
374
373
376
374
377
376
409
375
373
374
375
374
375
374
373
416
377
374
373
374
373
373
374
374
377
464
375
377
374
462
376
375
377
377
374
374
374
375
374
374
374
524
374
374
374
374
373
374
375
373
374
374
375
373
374
374
374
373
375
374
377
373
374
376
373
374
376
375
374
374
374
375
375
373
375
374
374
375
365
365
365
364
367
365
365
364
366
364
364
366
368
365
366
365
364
441
434
640
376
429
414
374
374
373
375
375
377
375
375
374
375
374
376
378
375
377
375
420
380
374
374
375
375
375
374
374
374
375
373
376
375
375
373
374
374
374
374
374
374
374
374
374
374
377
374
373
375
375
375
374
375
420
375
374
374
374
375
375
373
374
373
373
374
383
383
384
385
431
383
384
385
383
383
384
386
386
384
382
383
383
373
374
376
374
374
375
374
374
377
374
415
375
375
375
404
376
385
384
382
384
384
384
387
383
385
383
383
383
383
383
385
384
384
384
375
374
375
377
375
376
474
376
376
374
419
481
375
458
373
373
375
374
389
374
378
374
495
376
375
376
374
374
485
375
374
376
383
385
386
384
384
384
383
383
383
383
384
383
384
383
385
384
383
375
373
446
374
373
374
373
374
375
374
375
374
373
375
436
374
374
566
448
428
374
418
602
378
377
437
365
365
366
365
367
366
366
383
385
385
386
383
387
385
383
386
383
383
384
384
383
384
384
384
375
375
373
375
375
374
374
375
373
376
373
375
373
373
375
553
375
384
383
385
385
384
383
384
388
383
384
383
384
384
383
383
386
385
373
374
472
374
374
375
376
374
373
376
373
375
374
374
375
375
374
373
373
374
374
375
456
373
375
374
374
373
374
374
374
522
376
377
384
383
383
384
384
383
383
384
384
383
383
383
385
416
385
384
384
375
374
373
374
374
373
374
376
374
374
375
375
373
374
376
374
379
374
375
374
380
374
375
374
375
374
375
374
375
375
373
374
407
380
384
383
383
384
383
384
383
383
384
383
386
386
384
383
383
417
388
374
375
378
375
375
377
374
374
373
375
374
373
375
374
374
375
376
377
383
375
424
375
521
412
376
373
374
374
374
374
374
374
374
485
384
385
386
386
383
384
383
384
383
383
384
384
383
386
384
383
383
374
376
373
373
373
374
374
374
375
375
423
373
379
375
376
374
375
375
374
374
376
376
374
376
374
376
375
374
374
375
418
374
443
395
383
383
382
385
383
384
386
384
384
383
384
385
383
384
384
384
374
375
451
373
373
375
375
375
375
375
373
374
374
373
374
374
375
375
376
374
374
374
373
378
376
374
375
375
375
373
375
374
374
375
374
377
374
374
414
375
374
374
375
373
375
373
375
374
374
374
374
375
373
374
373
376
373
375
501
376
373
374
374
374
375
375
374
374
373
374
374
374
375
375
374
374
374
373
374
373
374
375
373
375
374
375
365
368
368
613
426
374
668
366
365
368
423
365
365
366
366
366
365
374
374
374
374
374
374
375
375
376
376
373
374
374
375
373
373
375
374
375
374
374
375
383
375
375
374
374
376
374
373
375
374
375
374
365
367
366
366
364
366
365
365
366
364
365
365
366
365
374
365
