40
43
40
41
41
40
42
42
41
40
41
41
41
40
40
41
41
41
40
41
41
40
41
41
41
40
41
41
40
41
41
41
41
40
41
41
62
42
41
41
41
40
41
41
40
41
41
41
41
41
41
41
40
41
41
41
41
41
40
41
41
41
40
40
41
41
41
41
41
41
41
41
41
41
41
41
40
41
41
41
41
41
41
41
41
41
40
41
41
41
40
41
41
40
101
40
41
41
41
41
41
41
41
41
41
41
41
41
40
41
40
41
41
40
41
40
41
41
40
41
40
41
40
40
41
41
41
41
42
40
41
41
41
41
41
41
41
41
41
41
41
41
40
40
41
41
41
41
41
42
41
41
41
41
41
41
41
41
41
41
40
40
41
42
41
41
41
41
41
41
41
41
41
41
41
41
41
41
41
41
41
41
40
40
41
41
41
41
42
41
41
41
40
41
41
41
41
41
40
41
41
41
41
41
41
41
41
41
42
41
41
42
41
41
42
41
41
42
56
41
41
40
86
41
42
41
41
41
40
42
43
42
42
42
42
42
42
41
42
42
42
41
44
43
42
42
42
42
42
43
42
42
42
42
42
41
42
43
42
42
42
42
42
42
43
41
41
41
41
41
41
41
40
40
41
41
41
41
41
41
41
41
41
40
41
41
41
43
41
41
41
42
40
41
41
41
41
41
40
41
40
42
41
40
41
41
40
42
41
41
41
41
40
40
40
41
41
41
41
41
41
41
41
55
41
41
41
41
41
40
41
41
41
41
40
41
41
41
40
41
41
41
41
41
41
43
41
41
41
41
41
40
41
41
41
41
41
41
40
41
42
41
41
41
40
41
41
41
41
41
40
40
41
41
41
41
41
40
40
41
41
40
40
40
41
43
41
41
41
41
41
41
41
40
41
41
41
41
41
43
41
42
41
83
40
41
40
41
41
42
42
42
41
42
41
42
43
42
42
41
47
46
42
42
42
41
41
42
41
42
42
41
43
42
43
42
42
42
42
42
42
42
42
41
41
41
40
41
41
41
41
41
42
77
41
45
41
40
41
41
41
41
41
41
41
41
41
41
41
41
41
41
40
42
40
41
41
40
42
41
42
43
42
41
41
42
42
41
42
42
42
42
42
42
42
41
43
42
42
42
42
42
42
42
41
42
42
41
42
41
42
42
42
41
42
42
41
41
41
41
41
41
41
41
40
41
41
41
41
40
40
41
41
41
41
41
40
41
41
41
41
41
41
41
40
41
41
40
40
41
40
42
40
41
41
41
41
41
40
41
41
41
41
41
41
41
41
41
42
40
40
41
41
41
41
41
41
40
41
41
42
41
94
81
42
42
41
42
41
43
41
42
42
43
42
42
42
42
42
42
84
46
46
46
46
42
42
42
42
42
42
41
42
43
41
42
42
41
42
42
41
42
41
41
41
41
41
41
41
40
41
41
42
41
41
41
41
41
41
41
41
41
42
40
41
41
41
41
40
41
40
41
42
41
41
41
41
41
42
41
41
41
41
41
41
41
41
41
40
40
41
41
41
40
41
41
43
41
42
40
40
41
40
41
41
41
41
41
41
40
41
41
41
41
41
40
41
41
41
41
41
41
41
41
40
41
40
41
41
40
41
41
41
40
41
41
41
41
41
40
41
41
41
41
41
41
41
41
40
41
40
41
40
41
41
41
41
41
41
40
41
41
40
41
41
40
41
42
41
41
41
41
41
41
41
40
41
55
41
41
40
41
41
41
42
40
41
40
41
42
41
41
40
41
41
41
40
41
41
41
41
41
41
41
40
41
41
40
41
40
41
41
41
41
43
41
40
40
42
40
41
41
41
41
43
41
40
42
41
40
41
41
41
40
41
41
41
41
41
41
41
41
42
40
40
41
40
41
41
41
41
40
41
41
40
41
40
41
41
41
41
40
41
40
41
41
41
43
40
40
40
41
42
41
40
41
41
41
41
40
41
41
41
41
41
41
41
41
41
41
41
41
41
268
41
41
41
41
41
41
41
43
41
41
41
41
41
58
171
64
42
40
41
41
41
41
41
40
41
40
41
40
41
41
41
41
41
41
41
42
43
42
42
42
42
42
42
41
42
42
42
41
44
42
44
43
42
42
43
42
41
41
42
42
42
42
41
42
42
42
42
42
43
42
42
43
41
40
40
41
41
41
40
41
41
41
41
41
40
41
45
41
41
41
41
41
40
41
41
41
41
41
41
41
40
41
42
41
41
40
40
41
41
41
41
41
41
41
41
42
41
41
42
41
41
41
40
41
41
40
