71
71
71
72
72
70
71
73
72
71
73
71
73
70
73
71
74
71
70
71
71
72
72
72
74
72
71
71
71
71
72
71
71
71
71
72
70
71
72
71
72
72
84
71
70
69
69
69
69
69
69
69
69
69
69
70
70
121
70
71
70
70
70
69
69
69
69
69
69
70
70
80
70
70
69
69
70
69
69
71
69
69
69
70
69
69
70
69
71
69
69
69
69
70
94
70
70
71
70
107
88
85
70
69
69
71
71
72
71
71
72
74
70
71
71
72
71
72
71
72
71
71
71
71
73
72
72
70
71
71
71
91
71
71
71
71
70
70
70
69
69
69
70
69
70
69
69
69
70
69
69
70
69
70
69
70
70
69
69
69
69
70
70
70
143
70
69
69
70
69
69
70
70
69
70
69
70
69
69
71
69
70
69
70
69
69
71
69
70
69
69
70
70
70
69
70
69
69
70
69
70
70
69
70
70
69
70
69
69
70
69
69
70
70
69
70
69
70
69
69
69
69
69
69
70
70
69
69
69
69
69
69
69
70
69
69
69
70
70
71
69
69
70
69
71
69
70
69
69
134
70
69
70
71
69
73
73
70
71
71
71
71
72
71
71
72
71
71
71
72
72
71
71
72
72
72
71
71
72
71
72
71
72
72
71
71
71
72
71
71
71
70
70
70
69
69
71
69
69
69
69
69
69
69
69
69
69
69
69
70
69
69
70
69
69
70
69
70
69
70
71
69
69
70
70
70
69
69
70
69
69
71
69
71
70
69
70
70
69
70
70
71
69
69
69
70
69
69
70
70
69
69
71
71
72
71
71
72
71
71
72
72
72
73
72
74
72
71
71
72
72
71
71
70
71
71
71
71
72
71
72
71
72
72
71
71
71
72
71
73
71
71
74
71
70
71
70
72
72
71
71
71
71
71
72
73
71
72
72
71
71
72
71
73
69
72
69
70
70
69
126
70
72
70
69
70
69
70
69
70
69
69
69
69
70
70
70
70
70
69
69
69
70
70
69
70
69
70
70
69
70
70
71
70
70
70
70
69
70
69
70
69
69
69
69
69
70
69
69
70
69
70
85
70
70
69
70
69
69
69
70
69
70
110
69
69
70
69
70
70
70
69
70
70
70
69
69
69
69
71
69
70
80
71
69
69
70
69
70
69
69
69
69
69
70
69
70
69
70
69
69
69
70
69
69
69
69
69
69
69
69
70
79
69
69
69
69
69
70
69
70
69
69
70
70
70
70
69
69
69
70
69
71
87
69
69
69
69
70
118
70
70
70
69
69
70
70
91
70
69
71
71
71
71
72
71
71
71
71
71
71
71
72
71
71
71
72
72
71
71
72
71
72
72
70
71
71
71
72
73
71
71
70
70
70
99
70
69
69
69
70
69
70
69
70
70
71
69
70
71
70
69
69
70
69
69
70
70
71
69
69
70
71
71
73
71
71
71
71
71
71
71
71
72
71
71
71
71
71
72
71
71
72
71
71
71
72
71
71
71
72
71
71
72
71
71
71
71
71
71
71
72
72
73
72
71
71
71
72
72
71
71
71
72
72
72
72
71
71
70
72
72
72
71
71
69
69
69
70
70
69
69
69
71
69
69
70
70
69
112
70
70
69
69
70
70
69
70
69
69
69
69
69
69
69
69
70
70
70
69
72
106
69
69
69
69
70
70
69
69
69
68
70
70
69
69
69
70
69
69
70
69
69
69
69
69
69
69
69
69
69
69
69
69
69
70
69
69
70
72
70
69
69
69
70
71
70
70
69
69
69
70
70
69
69
69
69
69
69
70
70
69
70
69
70
70
71
70
69
69
70
69
70
70
70
69
69
69
70
69
69
69
69
69
69
69
76
69
69
70
70
69
69
69
69
70
71
69
70
70
69
70
69
70
69
70
70
70
69
69
70
70
69
69
69
69
71
70
70
69
69
69
69
69
69
70
70
70
69
69
69
69
80
70
69
69
70
70
70
69
69
69
70
128
69
69
70
70
113
69
69
70
70
69
71
73
72
71
73
71
71
71
71
71
72
71
71
71
71
71
71
71
71
71
72
71
72
72
72
71
71
71
71
71
72
71
69
70
70
69
69
71
70
70
69
70
69
69
71
69
69
69
69
70
70
69
70
70
69
70
69
70
70
69
69
113
70
70
70
70
71
69
69
69
69
69
69
69
70
69
71
70
69
69
70
69
70
71
69
69
70
69
71
69
70
69
70
70
70
70
70
69
69
71
70
69
69
70
70
70
69
71
70
70
70
69
69
80
69
69
