89
90
88
89
88
125
89
90
89
91
92
91
91
91
92
91
92
91
91
92
91
91
91
91
90
91
92
92
91
93
92
91
92
91
92
92
93
91
89
89
89
88
90
89
89
89
89
89
88
143
91
88
88
88
89
89
89
88
89
88
89
91
89
89
88
89
89
94
91
91
91
91
91
90
91
91
91
91
91
91
92
92
91
91
91
91
183
101
92
91
91
93
92
91
117
89
89
90
89
90
89
89
89
89
89
139
89
88
89
89
88
89
89
89
89
89
90
88
89
90
88
89
89
89
89
89
89
89
89
89
89
88
89
90
88
89
89
91
89
90
89
88
88
88
89
89
88
89
88
89
89
88
89
88
89
89
89
89
88
89
89
88
89
89
89
89
89
89
88
89
89
90
90
88
134
89
89
90
89
89
89
89
88
90
91
88
89
89
89
89
89
88
89
89
89
88
89
92
89
89
89
88
90
90
89
88
90
90
89
89
89
89
89
89
88
89
90
90
89
89
89
89
89
89
88
88
89
88
91
89
89
89
88
88
91
89
89
88
89
88
90
90
89
89
90
89
90
90
89
88
89
90
89
88
89
88
88
89
88
89
89
89
88
89
89
88
90
89
89
89
89
89
89
89
89
88
89
89
90
89
89
88
89
88
90
88
89
90
88
89
89
90
89
89
89
89
89
90
91
89
88
89
88
89
90
89
89
89
90
91
88
89
89
90
89
89
90
88
90
89
88
90
88
89
89
89
92
90
93
90
91
89
90
92
90
91
92
91
120
90
91
92
91
91
91
93
93
91
91
91
91
91
93
91
91
91
92
91
92
91
91
91
89
89
89
91
89
90
89
88
93
89
90
90
89
88
88
89
88
89
89
89
90
89
89
88
89
90
88
89
89
88
89
89
89
89
89
89
89
89
89
88
88
89
89
89
89
89
88
89
88
89
89
89
89
89
89
89
90
89
89
89
89
88
91
89
89
89
89
89
90
88
91
89
91
89
88
89
90
90
88
88
89
89
88
89
89
90
89
91
89
88
89
89
89
90
89
89
89
88
153
88
89
89
89
89
88
88
129
136
90
90
89
89
88
90
88
89
89
89
90
89
89
91
89
89
89
90
88
89
89
89
89
89
89
88
89
89
89
89
90
89
89
89
89
89
89
88
88
92
90
89
89
89
89
90
91
89
89
88
88
88
89
89
89
89
89
89
90
89
89
89
90
89
89
89
89
89
89
88
89
89
89
89
88
89
90
90
89
89
89
88
89
89
89
89
89
90
92
89
90
88
90
89
89
89
89
89
89
89
89
134
88
90
89
89
89
89
89
89
89
89
89
88
88
89
89
91
89
89
89
90
89
89
89
89
89
90
88
90
88
90
89
89
103
88
90
90
115
89
88
92
90
88
89
89
89
90
89
88
90
90
132
105
91
91
90
92
92
93
92
91
92
92
92
91
91
91
91
91
90
92
124
92
90
91
92
91
91
92
92
93
92
93
89
89
89
89
89
89
89
89
89
89
88
89
89
90
89
89
88
88
89
197
89
89
90
89
139
89
91
92
89
91
91
90
91
91
91
92
90
91
93
91
90
91
91
91
90
91
91
91
91
91
92
91
91
91
91
91
91
90
91
90
89
89
89
89
89
89
89
89
89
89
89
88
89
89
89
89
88
90
89
89
88
89
89
89
89
90
89
89
89
89
89
88
126
90
89
89
89
89
89
90
90
89
89
91
89
89
89
89
89
88
89
89
88
171
89
90
89
90
89
90
89
126
89
90
89
90
89
90
90
89
89
90
89
89
90
88
89
89
89
89
89
90
89
89
89
89
90
90
88
88
89
89
88
88
88
88
89
89
89
90
89
90
88
89
89
89
88
90
89
89
89
88
89
88
89
89
89
89
90
90
89
89
89
89
89
89
90
89
89
89
89
90
89
88
88
90
89
90
89
88
89
89
89
90
89
88
90
89
89
89
88
89
89
91
88
88
89
89
89
89
89
89
90
88
89
90
89
89
89
89
89
89
91
88
88
122
89
90
89
89
88
89
89
88
89
89
90
90
89
90
92
89
89
89
88
89
89
89
89
89
90
154
90
89
150
92
92
92
91
92
91
92
93
91
92
91
91
91
91
91
91
91
90
91
91
92
91
93
91
92
91
91
91
91
91
89
88
89
88
89
89
89
91
89
89
89
89
89
91
90
90
88
89
90
89
88
89
90
89
89
89
88
90
89
89
89
90
88
88
88
89
88
89
90
88
89
89
89
89
89
89
88
89
89
89
89
