109
110
110
109
109
110
109
109
109
109
110
110
109
109
110
110
110
110
109
109
109
109
110
110
109
109
110
110
110
110
110
109
110
110
110
110
110
113
111
110
110
111
109
109
110
109
110
113
110
110
109
109
110
111
110
111
110
111
110
110
110
110
110
110
110
109
109
109
111
110
110
110
109
111
111
109
109
109
111
110
111
109
110
110
110
110
110
109
110
110
110
111
110
110
109
110
110
110
111
109
109
111
109
110
111
110
110
110
110
110
109
110
110
110
110
110
111
110
109
110
109
111
110
110
110
110
109
111
109
110
110
110
110
109
109
110
110
109
111
110
111
109
109
109
109
110
110
110
109
109
109
110
109
109
110
109
109
110
110
110
110
110
110
110
110
111
109
110
110
109
110
110
109
110
110
109
111
111
109
110
110
109
110
110
110
109
110
110
110
109
109
110
154
109
112
110
141
110
110
110
110
110
111
109
109
109
111
109
110
110
109
110
110
109
109
111
110
110
109
110
112
111
111
110
110
110
109
110
110
110
110
109
111
111
159
110
109
109
135
114
110
110
111
109
110
110
110
111
109
110
126
112
110
113
111
111
110
110
109
110
110
110
109
109
110
110
111
110
109
110
110
110
110
109
110
110
109
110
110
110
110
110
109
109
109
109
110
110
110
110
110
110
110
109
110
110
110
111
110
109
110
109
110
110
109
109
110
113
110
111
111
110
109
110
110
110
109
110
109
109
111
110
111
110
111
111
110
110
111
111
110
111
110
110
110
110
110
110
115
112
112
113
113
115
112
113
112
113
112
113
114
113
114
113
114
145
112
113
112
112
112
113
112
113
113
110
110
125
110
110
109
109
110
110
109
111
180
110
110
110
110
110
109
110
109
110
111
113
109
110
110
109
110
110
110
110
111
109
109
109
110
206
110
110
110
111
112
111
111
110
110
166
110
109
111
109
110
110
110
109
110
109
111
110
109
109
110
109
110
109
110
109
111
112
109
111
111
110
112
111
110
111
110
111
111
109
110
110
110
110
110
110
109
110
110
110
110
111
110
110
109
109
110
110
112
110
111
110
111
110
110
111
111
109
109
110
110
112
110
109
110
112
110
109
110
110
110
110
109
110
112
154
118
109
110
110
110
110
109
111
110
109
110
110
109
110
109
109
110
109
110
160
111
110
109
109
110
109
110
116
110
111
109
110
110
110
109
110
109
109
109
110
109
110
135
163
110
110
109
109
110
110
109
110
109
110
139
110
110
110
109
111
110
109
110
111
109
110
109
110
110
110
110
110
110
109
110
109
110
111
110
110
109
110
110
110
110
110
109
110
110
110
109
110
110
110
110
111
110
110
110
110
109
109
110
110
109
111
110
110
111
109
110
111
110
112
111
111
110
110
110
110
110
112
110
109
109
109
109
109
110
109
110
110
109
110
109
110
109
111
109
179
111
111
113
110
110
109
112
109
110
109
113
110
109
110
109
110
110
110
110
110
109
110
110
109
110
112
109
110
112
110
110
110
110
110
110
109
110
111
110
110
109
109
110
109
110
111
111
112
110
109
110
110
111
110
110
110
109
110
109
110
109
109
110
110
110
110
110
109
109
110
109
109
109
111
110
109
110
110
110
111
110
110
109
110
110
110
110
110
109
109
110
110
110
109
110
109
111
111
109
111
146
126
110
109
110
110
152
113
113
109
110
110
111
144
109
110
110
109
109
110
111
109
110
110
111
110
109
110
111
110
110
111
111
109
109
127
109
110
111
110
112
110
110
110
110
110
110
109
111
110
111
110
110
111
111
109
109
109
110
110
111
109
110
109
111
109
110
110
110
110
110
110
110
111
110
110
265
111
109
111
110
110
110
109
109
110
110
110
110
110
109
110
109
110
109
110
110
110
109
110
110
110
111
110
110
110
110
110
109
109
110
109
110
110
109
109
109
109
110
110
109
110
110
109
110
109
109
109
110
110
110
110
110
109
110
109
111
110
109
223
126
110
110
110
111
110
110
110
109
110
110
109
110
186
109
110
110
109
112
111
109
111
110
110
111
110
110
109
111
111
110
109
110
110
109
110
110
110
110
110
109
111
109
110
111
110
195
110
109
110
109
110
110
110
111
110
109
155
109
110
109
110
110
109
110
110
109
109
109
109
109
109
111
110
110
109
110
110
110
109
110
109
110
110
110
110
110
109
110
109
109
111
109
109
111
109
110
110
110
111
111
111
110
110
109
110
110
110
109
110
110
110
109
110
109
109
110
112
109
109
110
110
110
109
109
109
110
112
