137
136
136
136
138
137
136
136
135
136
136
136
137
136
137
137
137
136
139
137
137
137
136
137
137
136
138
136
136
136
137
135
136
138
136
137
136
136
137
136
137
136
136
136
138
136
137
135
136
138
136
136
137
136
137
137
140
136
137
135
137
136
136
136
137
138
137
137
136
136
137
136
137
136
136
138
136
136
137
136
137
240
136
138
138
137
138
137
137
136
136
137
138
137
136
136
137
136
137
136
140
136
137
138
137
137
136
136
136
137
137
137
135
137
136
136
136
136
136
136
135
137
137
136
136
136
135
137
136
136
136
136
136
136
137
137
136
137
137
137
136
136
136
137
155
180
139
137
267
136
139
138
152
140
140
140
140
140
139
140
140
139
141
139
139
140
138
140
141
139
139
139
139
139
140
140
139
139
136
136
137
210
136
136
137
136
137
137
137
136
136
137
137
137
136
136
137
137
138
136
136
137
136
137
137
137
135
138
136
136
136
136
141
136
137
136
137
136
136
137
136
137
136
137
136
136
135
136
136
136
136
136
137
135
136
138
136
136
137
136
137
136
136
137
136
137
137
135
136
136
137
137
137
136
136
136
137
136
138
136
135
136
136
136
136
136
137
136
136
140
137
136
136
176
137
137
137
139
136
136
137
136
138
137
137
136
136
136
136
136
136
137
136
137
137
136
137
136
136
137
137
136
138
137
136
137
136
136
139
136
137
137
136
136
136
136
137
138
137
196
137
137
136
136
136
136
136
136
137
143
137
136
135
136
137
137
137
137
137
135
136
136
136
136
136
137
137
137
138
137
136
137
136
136
137
136
135
136
136
137
136
136
136
137
136
137
140
137
138
137
137
136
136
137
151
138
136
135
136
137
136
137
136
152
139
140
139
142
140
140
141
139
139
139
140
139
139
140
141
176
140
140
139
139
138
140
140
140
140
136
137
135
136
136
136
136
135
135
136
137
136
136
136
136
136
135
137
136
138
135
239
137
137
136
137
137
136
136
135
138
138
136
138
135
136
135
136
135
137
136
138
136
137
136
137
135
137
137
135
136
137
139
137
137
136
135
137
138
136
136
136
136
136
137
136
136
137
136
136
137
136
136
137
137
136
136
137
136
136
137
136
136
137
137
136
136
136
138
136
135
136
137
136
136
135
136
135
137
139
136
136
135
136
136
136
137
137
137
137
136
136
137
136
138
136
136
136
136
136
138
138
136
195
136
138
137
137
136
137
137
137
140
148
156
136
136
137
137
137
136
136
136
136
137
136
136
136
138
136
136
137
137
137
137
137
138
137
136
136
136
135
136
138
136
136
136
136
136
137
137
136
138
139
136
136
138
136
136
135
138
136
137
136
136
136
136
136
136
137
138
135
135
136
136
136
137
136
136
136
137
136
136
136
137
136
138
139
137
136
136
137
136
136
137
137
136
137
136
136
135
136
137
136
137
138
136
299
137
136
137
137
136
137
136
136
138
136
137
136
135
136
136
135
138
137
137
136
180
155
137
136
136
135
137
136
136
137
137
136
135
138
136
137
136
136
136
136
136
135
136
136
136
136
136
139
136
136
136
136
136
138
183
137
136
136
138
136
137
136
137
137
136
137
138
136
135
137
136
136
136
135
136
137
136
176
137
136
136
139
137
135
136
138
137
137
136
136
136
137
136
136
136
136
136
136
136
137
137
136
136
137
136
137
136
136
136
137
136
136
136
135
137
136
137
136
136
137
135
136
137
136
136
136
136
138
135
178
137
136
136
136
136
136
136
136
136
136
137
136
140
136
136
136
136
136
138
137
137
136
136
137
136
136
135
136
137
137
137
137
136
137
137
136
137
136
136
136
135
137
135
135
137
136
135
136
136
137
136
136
136
136
137
139
186
135
138
136
136
138
136
136
135
137
137
138
136
136
136
136
137
136
136
137
136
136
137
136
137
136
137
136
137
138
136
136
136
136
135
136
137
137
136
136
137
137
137
137
137
136
136
138
138
135
136
178
136
136
137
136
136
137
138
136
136
137
136
137
136
136
180
137
138
136
137
138
137
137
136
136
137
136
143
136
137
136
136
139
136
138
136
137
136
137
136
136
138
136
136
136
136
136
138
137
137
137
137
136
136
137
138
136
137
136
136
135
137
136
136
136
136
136
136
136
136
165
139
135
138
137
136
136
210
137
136
137
137
136
138
137
137
136
136
135
137
136
139
137
136
136
137
137
136
137
140
139
139
140
141
140
139
141
140
140
140
140
140
140
140
139
139
139
140
139
140
140
140
141
140
139
136
