165
163
164
164
163
163
170
164
164
163
164
164
163
162
164
164
166
163
164
270
166
164
164
163
165
163
164
163
163
164
165
163
165
164
213
165
163
164
163
164
163
164
164
164
198
197
202
307
336
205
205
272
221
196
194
191
192
188
168
168
167
167
169
169
167
167
200
171
168
167
169
168
167
170
167
167
168
168
167
169
164
164
164
163
164
164
163
164
164
164
164
165
164
165
220
163
163
164
163
164
180
164
179
163
164
165
163
218
164
164
163
165
163
163
164
217
164
164
163
164
164
163
163
164
163
165
163
169
168
168
167
170
168
168
167
168
168
168
168
186
167
168
171
173
169
169
336
217
187
181
188
168
167
167
168
167
167
169
167
168
167
168
186
187
186
171
169
168
168
169
167
168
168
164
163
164
164
164
164
164
236
200
164
164
163
163
163
164
166
164
164
163
165
166
164
164
167
167
170
167
169
168
167
168
168
169
336
216
187
168
167
171
168
167
168
167
168
167
168
163
163
165
164
163
163
164
163
166
164
164
168
164
163
164
163
175
164
204
163
164
164
164
163
164
164
165
165
164
164
164
164
165
164
163
163
165
163
164
164
164
164
164
180
165
164
164
164
165
163
164
163
164
164
165
165
169
164
164
163
163
164
165
163
164
164
163
164
163
164
169
168
168
167
168
168
168
169
169
168
167
168
167
168
169
167
167
168
168
169
168
168
168
175
163
164
163
164
164
163
163
163
164
166
164
163
164
165
163
191
165
163
163
167
164
164
169
164
163
163
164
163
163
163
164
163
163
164
163
164
164
163
163
163
165
169
164
164
215
164
164
163
163
163
164
164
164
163
165
164
163
163
164
163
165
163
163
163
164
164
165
164
163
165
163
163
163
167
163
165
164
163
164
164
164
164
163
163
164
164
163
164
165
164
164
200
164
164
163
163
164
165
205
163
164
163
164
163
163
164
164
163
164
163
164
163
163
163
163
165
164
164
163
164
165
169
165
164
163
164
164
163
164
164
164
164
166
165
164
163
163
165
164
164
164
164
163
164
165
164
163
165
163
164
164
165
163
164
164
164
163
164
164
164
166
165
163
164
164
165
163
163
165
164
163
164
164
163
164
163
165
164
164
163
165
164
163
260
192
164
165
163
163
163
217
186
163
164
164
164
165
167
163
164
163
164
163
163
162
164
163
163
166
164
164
206
166
163
164
163
164
163
164
164
163
164
164
163
164
163
166
164
164
164
165
164
164
164
164
263
202
166
167
167
170
168
167
168
168
168
169
168
167
168
170
167
167
170
168
168
169
167
169
168
169
168
164
164
164
164
164
164
164
163
165
163
163
164
165
164
163
164
164
164
164
164
163
164
166
164
163
163
163
163
163
164
165
165
164
165
165
163
164
164
165
163
165
164
163
164
164
164
165
165
164
164
164
222
163
164
164
164
165
164
163
164
164
164
165
165
165
164
164
168
292
164
163
168
168
168
168
167
168
168
168
167
169
168
168
168
169
168
168
168
168
169
168
167
167
168
163
163
164
164
163
163
227
164
164
163
164
165
165
164
164
166
163
163
164
165
165
164
164
164
164
163
165
247
163
164
163
163
164
164
198
163
163
163
164
164
164
164
163
164
164
180
163
163
168
168
167
168
167
168
167
168
168
168
167
167
168
167
168
167
168
168
167
167
168
169
167
167
164
163
164
163
163
164
186
164
164
163
163
164
163
163
163
163
163
163
164
163
165
163
163
163
165
163
163
164
163
166
163
164
165
165
164
164
163
165
164
163
163
164
163
164
163
163
199
164
164
164
164
164
164
164
165
165
210
164
164
164
163
163
164
164
163
164
164
165
164
165
165
164
163
163
163
164
165
164
164
165
166
163
164
164
163
164
164
163
164
164
163
163
164
164
164
164
160
159
160
161
160
159
159
160
160
160
160
159
159
160
161
160
160
160
159
161
162
159
160
160
164
164
163
165
163
164
164
164
292
164
165
272
164
165
170
163
168
164
164
164
165
165
163
164
163
164
164
164
163
164
164
164
163
163
164
165
163
164
165
165
163
164
165
163
164
169
167
163
163
163
163
163
164
163
165
165
164
163
164
164
163
223
163
164
163
166
164
163
164
164
172
187
167
163
163
164
165
164
163
164
164
164
163
163
164
164
166
164
163
164
167
165
165
163
164
163
163
164
164
163
163
164
164
164
164
167
165
163
163
164
230
164
164
163
165
165
164
163
163
164
163
163
164
164
164
164
163
163
164
166
164
163
164
164
165
164
164
164
164
