198
198
198
199
199
198
199
197
198
198
199
198
198
199
198
198
198
242
198
198
199
199
199
219
198
199
198
198
241
200
198
200
199
199
199
199
198
200
199
201
199
199
200
199
198
199
199
198
200
200
198
198
199
199
199
199
198
199
198
200
200
199
199
199
199
198
198
198
200
200
199
199
198
198
200
201
199
200
200
198
198
200
200
198
198
198
199
199
201
276
234
198
198
198
199
199
199
198
197
198
199
198
198
198
199
199
198
200
198
199
199
198
201
296
199
202
199
199
199
200
198
198
199
198
198
198
198
200
199
202
198
199
200
199
198
198
201
200
200
198
200
201
200
200
201
198
199
198
199
198
199
200
199
199
199
200
198
198
199
200
265
200
198
246
198
198
198
200
199
200
199
198
198
199
198
198
200
199
198
304
198
197
199
199
200
198
199
198
199
198
198
198
198
199
198
198
199
244
200
199
201
199
199
199
200
199
205
199
198
199
243
199
200
198
198
199
199
198
199
200
198
199
198
199
199
198
199
198
199
263
198
199
198
198
199
197
198
199
199
199
198
197
198
199
199
199
199
199
198
199
198
198
197
200
198
199
198
199
199
199
200
199
200
198
198
199
199
198
198
199
199
199
198
198
262
227
198
199
199
199
204
200
199
198
198
198
198
199
198
198
198
199
199
198
200
198
198
199
257
200
198
200
198
199
198
198
199
199
198
199
200
200
201
281
199
198
199
199
198
198
205
199
198
198
198
198
198
199
199
199
198
198
198
199
198
199
198
199
199
200
200
198
199
199
199
198
198
198
199
198
198
198
198
199
199
198
199
198
198
198
199
199
193
194
193
195
194
194
196
195
358
196
193
194
193
194
194
194
193
194
193
194
194
194
194
198
198
198
199
198
199
261
199
198
199
200
243
199
198
198
199
199
199
198
199
198
198
200
198
199
198
199
200
198
198
199
199
202
199
198
199
199
198
200
198
198
198
200
199
198
201
199
200
200
199
200
201
199
199
199
198
199
200
198
199
199
198
200
198
198
198
198
200
198
198
198
200
199
198
199
204
198
198
199
199
200
198
198
200
199
198
198
199
198
198
200
199
199
199
198
198
200
199
199
198
199
198
198
199
200
199
199
199
201
199
199
198
199
199
199
198
199
199
199
198
198
199
200
199
208
199
199
197
199
198
198
200
199
198
199
199
198
198
199
198
199
199
198
199
199
263
199
201
200
200
199
198
199
201
199
200
198
227
225
198
198
198
200
199
197
198
198
241
198
198
199
198
198
200
198
198
199
199
198
200
199
198
199
199
198
198
200
198
199
198
199
199
198
199
199
199
199
199
198
200
199
198
198
200
200
200
199
198
200
199
201
198
198
199
199
198
199
199
199
199
199
198
198
198
198
199
199
200
198
198
199
199
198
199
199
199
199
199
198
201
198
199
198
201
198
198
199
199
198
198
199
199
198
199
199
198
198
198
199
198
199
199
199
199
198
199
198
199
198
198
198
200
198
198
198
198
198
199
199
198
203
199
200
198
198
199
198
199
198
197
199
198
199
199
200
199
199
199
198
198
198
199
199
199
198
199
199
198
198
200
201
198
199
198
199
194
193
193
194
193
194
193
193
193
194
193
194
194
194
193
193
196
194
194
194
194
194
194
199
199
198
198
200
198
199
198
198
199
198
198
200
198
199
198
199
198
199
199
198
198
198
200
199
198
199
200
199
199
198
199
199
198
199
199
198
198
198
199
199
198
198
199
198
198
198
199
198
200
199
199
199
198
198
198
198
198
199
199
198
199
198
199
199
197
198
199
199
199
199
198
199
198
198
198
199
198
198
198
198
198
199
197
198
198
198
197
200
199
199
198
199
201
198
198
199
198
200
198
198
200
198
198
199
199
199
200
198
199
198
199
198
255
201
199
198
198
200
198
198
198
200
198
198
199
198
198
199
199
198
199
200
199
201
198
198
200
199
198
198
198
198
198
198
199
198
198
199
200
199
200
198
274
199
199
200
200
199
199
202
200
200
199
199
198
198
199
198
198
198
200
198
200
200
198
198
199
199
199
200
199
198
199
198
198
199
245
200
199
199
199
198
199
197
199
198
199
199
198
199
199
202
198
198
201
199
199
199
198
198
200
198
199
199
199
202
198
198
198
199
198
198
199
200
198
199
198
199
262
226
204
201
199
198
198
199
199
198
199
198
199
198
241
242
200
241
199
199
198
202
199
198
200
227
227
203
203
198
198
199
199
199
199
199
199
199
199
259
205
199
198
200
200
198
198
198
