235
235
234
235
236
236
235
317
235
236
235
235
236
235
235
235
235
234
235
236
236
237
235
237
235
236
236
235
235
235
236
236
234
235
235
235
236
235
237
235
236
239
274
238
235
234
235
237
238
235
236
236
235
235
235
235
237
235
236
235
236
235
236
304
235
236
238
235
236
236
235
235
236
235
235
235
235
235
237
236
235
235
235
235
235
237
235
236
236
235
235
235
236
280
237
235
235
235
235
236
236
236
236
235
278
235
236
235
237
236
235
234
236
237
235
237
235
236
236
235
235
235
235
235
236
237
236
235
237
234
235
235
235
235
235
235
235
235
236
234
235
236
235
236
235
235
235
235
236
235
235
236
235
235
234
234
235
236
235
235
235
236
236
236
234
235
236
235
235
235
235
235
235
235
235
236
236
236
235
234
236
235
291
235
235
236
311
269
235
236
237
235
236
235
235
235
234
236
237
278
235
242
237
235
236
236
235
236
236
237
236
235
235
235
297
236
235
235
241
236
235
235
236
235
236
236
317
235
235
237
240
236
237
236
235
235
235
235
311
268
235
235
234
235
235
235
235
235
235
235
235
234
236
236
236
237
237
235
235
235
236
236
236
235
235
235
236
235
236
235
235
235
235
236
235
235
236
236
236
236
236
236
235
234
238
236
235
236
235
237
236
235
235
235
236
235
235
235
236
235
237
235
236
235
238
235
235
236
235
234
235
397
268
236
235
235
235
235
237
235
235
235
236
236
236
234
235
235
234
236
237
236
235
236
236
235
236
237
235
236
236
235
236
235
238
236
235
235
234
234
237
236
235
235
235
236
236
235
235
235
236
236
235
235
237
276
238
236
235
235
238
235
235
237
235
235
235
235
235
235
236
235
235
235
236
235
235
236
235
235
236
234
235
235
235
236
235
235
235
235
235
235
238
236
236
235
235
313
234
236
234
235
236
235
235
236
235
235
308
259
242
235
235
237
235
235
234
235
235
236
238
241
243
241
242
241
241
241
241
241
240
241
242
242
242
241
241
241
241
241
241
241
434
236
235
235
238
236
237
235
235
236
236
235
234
235
235
235
237
235
234
236
236
239
236
235
234
250
235
236
236
237
237
235
236
318
239
235
236
236
237
294
236
241
241
241
241
242
242
268
241
249
240
245
242
241
241
243
241
241
241
265
242
275
235
236
235
235
235
235
235
234
234
236
236
237
305
235
236
237
235
236
236
235
236
237
235
235
237
239
234
347
312
272
234
235
236
235
236
235
235
243
236
234
235
242
241
240
241
241
242
242
241
243
242
242
241
242
242
242
241
241
242
241
242
240
235
235
235
299
236
237
237
235
235
236
235
235
235
235
236
235
236
235
235
237
238
235
235
235
237
234
239
298
235
236
235
235
235
236
236
235
235
235
235
328
236
236
235
235
236
235
234
236
387
236
235
236
235
237
236
235
235
236
300
239
235
242
242
243
243
242
242
255
242
240
241
241
241
242
241
240
240
241
244
241
242
242
235
236
236
235
235
236
235
236
235
235
235
235
236
236
235
236
237
235
235
234
268
237
235
238
235
235
235
367
311
236
242
236
241
235
235
236
235
265
235
283
240
242
245
240
241
241
242
240
241
242
241
241
241
240
241
242
240
241
242
244
241
235
236
235
235
236
236
269
235
239
236
235
236
235
235
235
237
235
237
235
235
236
235
276
235
235
235
236
236
237
235
235
236
236
235
234
236
237
237
235
234
241
243
241
241
312
268
241
241
242
242
240
241
241
241
241
241
242
241
242
242
236
235
267
235
235
237
236
235
235
236
236
234
235
236
236
235
235
236
236
236
237
236
236
259
236
235
235
235
345
340
235
235
236
236
236
235
234
235
349
235
236
240
241
242
242
240
241
240
241
241
242
241
241
245
242
242
241
241
241
241
241
241
235
237
237
235
235
235
235
236
235
257
236
235
234
235
236
235
235
237
234
235
310
235
235
413
235
239
234
237
235
235
235
235
236
236
278
235
242
236
354
238
482
311
268
241
243
240
241
244
245
241
241
242
240
241
241
241
241
242
244
245
279
241
241
243
241
240
241
241
240
243
243
240
241
241
240
240
241
287
242
242
243
300
236
236
236
235
235
235
235
236
235
236
235
237
276
237
236
235
236
327
270
234
243
242
241
241
241
242
241
241
241
240
241
241
241
241
240
243
242
242
243
241
235
238
235
236
235
234
236
235
241
236
236
238
238
235
235
235
235
235
235
238
236
234
236
236
235
236
234
235
235
362
237
235
235
236
236
235
235
