279
320
280
277
284
284
288
285
285
284
285
285
317
317
285
284
284
287
285
285
286
286
284
279
277
277
277
277
279
405
373
278
280
278
279
278
278
278
279
278
278
278
285
285
285
285
285
284
286
286
284
286
284
285
285
285
285
286
286
287
285
278
367
278
278
278
277
279
279
279
278
279
277
279
278
278
278
278
279
277
278
277
277
278
279
278
279
279
278
278
279
278
278
277
278
278
277
277
277
278
279
279
277
279
278
277
278
409
280
279
277
278
279
277
279
278
348
278
279
284
284
287
321
286
285
286
286
284
284
285
284
285
287
285
286
285
285
287
285
277
278
278
278
277
278
278
278
277
279
279
277
278
277
278
278
279
279
278
277
277
279
332
279
280
279
277
278
279
279
281
280
278
278
277
278
277
277
278
278
279
278
278
279
277
278
279
278
278
278
277
278
277
277
318
278
280
280
286
288
287
286
287
285
284
287
284
286
285
284
286
285
287
285
287
291
286
278
278
278
280
281
278
277
278
280
280
279
278
279
278
278
278
277
277
279
277
277
278
278
278
277
278
280
279
277
279
278
277
277
277
279
277
278
278
278
278
277
277
278
277
279
278
278
353
278
278
279
278
279
279
279
277
279
279
281
278
278
277
279
278
278
278
277
278
278
280
277
277
279
278
277
278
279
279
277
278
280
278
279
280
277
278
279
278
277
277
278
278
278
278
278
279
279
278
277
279
277
278
277
278
279
278
278
279
277
278
278
280
278
278
279
278
278
279
277
279
278
278
277
278
277
278
280
277
278
280
277
406
279
278
277
278
279
278
278
277
278
278
277
278
279
277
278
277
278
277
278
278
278
277
279
277
278
271
271
271
270
271
270
270
272
272
272
272
271
271
474
271
271
271
271
271
277
278
279
278
278
277
277
277
277
278
278
279
277
277
277
377
282
278
279
278
278
278
277
278
278
277
278
278
277
278
278
278
277
278
278
277
277
279
278
278
277
279
277
278
279
278
278
277
278
278
277
278
281
278
277
340
281
278
277
278
278
277
278
283
279
278
277
279
277
277
278
278
278
278
278
279
279
277
278
279
278
279
277
277
278
278
278
278
277
278
278
279
277
277
277
277
351
278
277
280
279
278
278
277
277
278
278
277
278
277
279
277
278
276
278
278
282
282
278
277
278
279
278
279
278
279
278
278
277
278
278
278
278
278
277
278
278
277
278
278
277
277
277
277
277
367
316
278
278
279
279
279
277
278
279
280
285
278
283
278
278
278
278
278
278
277
279
277
321
279
281
278
280
280
279
278
278
385
278
280
278
277
277
277
277
277
279
277
277
277
277
278
279
278
278
279
278
277
302
406
278
278
277
279
277
278
277
277
278
279
278
277
278
280
281
277
277
278
349
278
277
279
278
278
282
277
279
277
280
278
278
279
379
279
279
280
278
277
277
281
281
278
279
279
278
278
279
278
278
279
276
406
278
278
278
278
277
277
279
278
277
278
278
278
277
277
278
277
277
279
277
280
278
279
278
278
279
277
280
349
277
278
278
280
278
277
278
278
278
277
277
279
277
277
278
278
277
278
277
279
278
279
278
279
278
279
278
277
277
277
278
279
278
277
278
363
280
280
278
280
279
277
277
278
317
279
277
278
278
277
277
279
278
278
278
278
278
278
278
279
339
281
277
277
278
279
277
278
277
277
278
278
278
277
280
278
278
284
278
277
277
279
278
278
280
278
279
278
278
279
278
279
278
279
279
278
277
278
278
279
278
279
279
278
328
280
277
277
277
278
278
277
368
315
279
277
278
280
277
284
277
277
278
280
277
278
277
278
277
278
278
279
279
278
279
278
278
277
279
281
278
279
280
278
278
277
278
278
278
278
279
277
278
281
372
279
280
282
277
279
278
279
277
279
282
278
278
279
279
278
278
277
279
278
278
277
278
278
277
278
278
279
278
285
279
280
278
279
278
279
277
277
278
278
278
277
278
278
278
278
277
278
277
280
279
278
279
298
278
283
277
280
279
280
277
277
277
278
278
278
278
279
277
277
278
277
279
277
278
277
278
278
280
278
277
279
278
278
277
278
278
284
277
277
279
278
315
278
278
279
278
278
278
280
278
280
279
278
278
391
286
286
282
279
278
280
284
285
285
285
284
284
289
286
286
285
284
284
285
285
285
285
284
284
286
284
385
278
278
279
278
277
280
277
278
277
279
278
278
279
278
280
277
278
277
279
278
278
277
278
279
278
277
387
279
279
277
277
278
278
278
278
277
277
280
278
277
279
