320
319
321
320
319
320
319
319
319
319
320
319
319
318
320
318
320
320
319
318
319
319
320
319
319
319
320
363
319
324
322
402
322
319
319
319
319
319
320
321
319
320
319
319
319
319
319
319
319
318
319
320
319
311
312
312
312
312
312
312
312
546
422
363
320
312
312
311
312
312
314
324
319
365
332
327
338
320
344
319
319
320
321
320
321
319
320
320
327
327
328
328
328
327
327
327
329
327
327
329
327
327
327
327
327
327
320
318
318
322
319
320
320
320
319
319
318
319
319
320
319
319
319
524
424
367
319
324
323
361
320
318
321
318
320
320
318
319
319
320
325
321
326
329
326
327
327
328
328
327
327
327
328
327
327
399
326
329
326
343
311
312
311
312
312
313
313
312
313
311
313
312
312
312
313
311
311
311
311
319
318
320
320
363
319
320
319
375
363
320
319
319
319
364
321
322
326
327
327
328
326
329
348
329
327
328
327
328
328
328
327
328
335
327
327
321
319
320
320
319
319
319
320
319
320
320
320
320
321
319
319
320
319
319
319
319
319
319
319
319
320
320
319
318
320
320
319
320
319
320
320
320
311
311
312
313
312
312
311
357
421
312
311
312
311
468
311
312
312
312
319
320
319
318
320
318
321
319
319
320
321
327
319
319
319
319
319
318
319
319
319
320
319
319
320
320
319
319
319
319
322
320
319
320
319
319
319
312
379
311
312
312
311
312
312
312
311
312
483
312
312
312
312
311
312
421
321
320
321
319
319
319
319
319
319
319
320
318
320
320
320
321
319
319
318
319
319
320
319
319
319
319
320
322
319
318
318
392
321
320
320
319
319
318
319
321
322
319
319
319
318
320
319
320
424
322
319
320
320
374
320
319
319
319
319
319
320
322
320
318
320
319
319
319
319
319
320
320
319
321
320
320
319
319
318
319
320
320
319
319
320
318
319
321
319
321
319
319
319
319
319
319
322
320
320
319
319
321
319
319
319
319
319
319
320
320
312
312
312
311
311
312
315
314
312
311
312
312
312
311
312
311
312
402
312
319
319
426
320
321
321
380
327
319
319
319
320
319
318
362
321
322
329
327
332
327
327
327
326
327
331
330
327
330
328
326
327
326
333
326
319
319
318
319
319
326
319
318
319
319
319
319
319
319
320
320
320
318
320
319
320
320
319
319
318
320
380
319
319
319
322
319
320
474
319
319
327
327
328
328
328
327
328
327
329
328
327
327
327
327
327
327
327
329
336
318
319
321
318
320
319
366
319
321
319
319
319
318
319
321
320
319
320
320
319
320
320
319
320
320
319
319
319
319
345
336
319
320
319
319
319
311
312
436
315
313
312
311
311
311
312
313
311
311
358
312
311
311
320
320
362
319
320
319
320
320
321
318
320
320
318
319
320
320
319
319
318
311
310
312
312
312
312
311
422
364
321
372
312
312
312
311
311
311
311
312
311
313
312
312
479
312
312
356
313
312
312
312
313
314
312
312
320
319
357
319
319
318
388
320
320
320
321
366
319
319
321
318
321
319
319
318
319
319
319
322
319
337
320
319
319
319
319
321
320
321
318
319
319
319
320
318
320
321
319
318
319
319
321
319
434
319
320
319
321
320
319
319
319
321
319
319
319
319
321
320
319
319
319
319
320
319
319
319
319
319
312
313
314
312
311
312
311
311
316
316
312
311
311
366
423
364
321
319
321
319
318
320
320
319
319
320
319
319
321
322
319
360
320
320
319
320
319
319
320
319
324
318
319
320
319
319
319
320
319
319
321
319
320
319
318
320
319
320
322
320
319
319
321
319
319
380
323
321
320
322
319
320
319
321
320
367
322
320
319
320
318
318
320
319
320
320
319
319
323
322
320
320
320
362
320
534
323
319
320
320
319
320
319
417
323
320
320
322
336
319
319
319
319
319
319
321
320
320
320
319
319
319
318
319
319
318
319
319
313
311
312
313
313
312
312
313
312
313
311
312
311
311
364
311
311
312
330
319
319
320
319
319
320
320
320
318
320
324
319
320
320
319
321
367
322
320
319
323
320
320
320
319
321
319
320
320
319
319
319
319
320
320
321
319
318
320
364
319
321
319
319
320
320
319
319
319
320
320
318
320
320
319
319
318
319
319
320
319
320
319
319
321
319
320
320
320
320
318
319
318
312
312
312
312
311
311
313
312
311
312
312
312
312
311
311
311
311
312
425
318
320
367
321
320
364
319
321
320
319
320
319
319
319
320
321
318
318
319
319
319
319
320
319
319
320
319
319
319
319
319
319
319
321
319
