1896
1896
1895
1893
1896
1893
1896
1898
1847
1846
1854
1848
1846
1847
1897
1847
1846
1889
1849
1847
1847
1848
1970
1846
1921
2381
1930
1847
1846
1847
1847
1847
2172
1861
1893
1894
1893
1893
1891
1896
1896
1899
1892
1896
1892
1893
1893
1847
1848
1845
1847
1847
1849
1848
1846
1848
1847
1849
1935
1876
2072
2102
1886
1975
1846
1848
1906
1920
1982
1846
1931
1847
1849
1899
1893
1893
1895
1892
1891
1896
1892
1894
1891
1895
1893
1893
1893
1806
1802
1839
1804
1804
1802
1847
1801
1802
1972
1805
2427
2342
1893
1895
1893
1893
1896
1894
1891
1894
1908
1928
1891
1923
1915
1895
1846
1848
1852
1846
1850
1896
1848
1847
1881
2614
1849
2126
1891
1892
1901
1893
1894
1893
1894
1894
1894
1893
1896
1893
1893
1896
1848
1803
1804
1803
1802
1803
1803
1805
1801
1803
1844
1803
1802
2109
1849
1847
2113
1846
2168
1846
1848
1897
1892
1847
1936
1848
1928
1892
1894
1893
1893
1909
1893
1893
3027
2121
1893
1913
1894
2001
1888
1848
1847
1847
1850
1848
1847
1894
1848
2045
2021
2054
1847
1849
1846
1890
1887
1846
2584
1887
1846
1934
1848
1846
1846
1847
1897
1892
1906
1921
1899
1946
1924
1895
1905
1894
1894
1896
1895
1900
1895
1901
1892
1895
1894
1896
1893
1893
1894
1892
1892
1893
1895
1804
1802
1802
1803
2171
2866
1803
1802
1918
1803
1812
1802
1806
1895
1894
1893
1895
1893
1898
1893
1894
1895
1896
1894
1918
1896
1894
1892
1892
1916
1892
1893
1893
1892
1933
1893
1893
1893
1896
1892
3030
2102
2077
1847
1931
1852
1846
1890
1845
1849
1845
1848
1847
1848
1844
1850
1935
1847
1979
1849
1846
1848
1846
1849
1896
1846
1848
1852
1852
1933
1959
1846
1846
2794
2175
1849
1846
2271
1925
1894
1895
1903
1891
1892
1896
1893
1892
1893
1894
1896
1892
1897
1899
1890
1892
1845
1847
1847
1848
1846
1844
1847
1849
2352
1850
1894
1845
1845
2146
1848
2000
1883
1884
1888
1847
1847
1927
1846
1892
1848
1893
1847
1846
1847
1846
1848
1890
1850
1847
1846
1847
1848
1835
1801
1803
1805
1900
1801
1804
1807
1913
1982
1917
1859
1808
1804
1844
1803
1803
1803
1802
1806
1804
1803
1801
1910
1849
1807
1803
1845
1913
1844
1847
1932
1883
1846
1894
1849
1851
1895
1848
2081
1924
1892
1893
1891
1894
1895
1893
1896
1895
1897
1891
1893
1896
1894
1891
1804
1960
1805
1803
1801
1897
1803
1803
1804
1807
1803
1880
1805
1832
1894
1849
1849
1885
2246
2104
1896
1885
1846
1894
1846
2091
2103
1846
1893
1847
1850
1846
1851
1846
1848
1845
1847
1853
2415
1867
1848
1943
1847
1847
1847
1848
1846
1850
1890
1847
1846
1846
1847
1846
1846
1847
1845
1893
1845
1845
1845
1849
1846
1847
1848
1849
1846
1803
1805
1802
1805
1801
1803
1803
1802
1804
1898
1803
1804
1803
1940
1811
1806
1907
1802
1804
1803
1807
1802
1802
1804
1804
1802
1803
1810
1849
1917
1847
1856
1859
1845
1905
1848
1892
1848
1848
1934
1852
1895
1847
1845
1847
1846
1847
1847
1884
2104
1848
1892
1846
1851
1846
1847
1916
1850
1847
1846
1847
1847
1846
1952
1845
1846
1848
1846
1846
1803
1859
1803
1801
1808
1802
1807
1803
1937
1864
1802
1802
1802
1804
1803
1862
1804
1803
1803
1863
1803
1801
1968
1803
1804
1804
1803
1802
1848
1903
1849
1846
1846
1849
1847
1893
1847
1845
1847
1853
1845
1839
1803
1804
1800
1805
1802
1804
1803
1845
1927
1802
1804
1802
1801
1847
1846
1847
1922
2055
1847
1932
1850
1851
1844
1851
1845
1849
1846
1849
1845
1847
1901
1957
1891
1847
1847
1891
1849
1846
1846
1847
1847
1804
1861
1803
1803
1801
1805
1803
1804
1858
1808
1803
1805
1804
1805
1802
1859
1802
1808
1813
1869
1803
1804
1869
1804
1848
1809
1801
1802
1803
1884
1804
1803
1801
1901
1804
1819
2380
1803
1802
1846
1803
1803
1846
1844
2093
1846
1848
1850
1847
1905
1848
1931
1846
1846
1847
1850
1848
1848
1847
1845
1846
1849
1861
1848
1845
1849
1845
1849
1846
1846
1845
1846
1851
1848
1851
1847
1849
1847
1848
1937
1896
1849
1847
1805
1873
1804
1847
1803
1804
1801
1802
1860
1803
1801
1806
1802
1803
1804
1853
1801
1807
1803
1850
1802
1896
2035
1802
1948
1801
1802
1844
1846
1845
1843
1847
1861
1848
1846
1921
1851
1845
1847
1846
2003
1848
1933
1925
1848
1892
1849
1847
1893
1845
1848
1881
1845
1852
1848
1847
1845
1848
1847
1847
1847
1847
1847
1847
1918
1844
1854
1845
1806
1807
1799
1811
1808
1803
1805
1803
1804
1906
1895
1848
1912
1803
1846
1847
1906
1845
1848
1847
1847
1846
1845
1848
2013
1850
1910
1892
1892
1893
1894
1896
1894
1906
1893
1967
1893
1931
1893
1908
1846
1849
1848
1847
1848
1847
1845
1846
1903
1847
1846
1846
1847
1848
1804
1804
1921
1803
1846
1804
3028
2102
1893
1803
1802
1956
1905
1952
1846
1846
1898
1847
1846
1893
1849
1849
1845
1847
1847
1846
1959
1847
1847
1847
1850
1845
1848
1845
1847
1847
1847
1846
1886
1847
1847
1894
1848
1841
2433
2043
2186
1847
1847
1847
1847
1846
1849
1847
1849
1845
1847
1846
1849
1846
1848
1847
1849
1846
1847
1846
1851
1803
1907
1810
1797
1804
1804
1801
1808
1910
1804
1803
1804
1806
1802
1851
1846
1848
2023
1848
1856
1845
1846
1847
1846
1935
1847
1880
1846
1848
3026
2105
1844
1878
1846
1939
1888
1847
1887
1847
1851
1844
1805
1858
1803
1805
2006
1921
1804
1803
1802
1873
1803
1802
1802
1847
1848
1845
1847
1846
1847
2113
2228
3458
3328
2212
2404
2173
2163
2118
1803
1845
1804
1803
1804
1801
1802
1803
1802
1803
1803
1857
1804
1803
1804
1805
1804
1893
1802
1802
