53
53
53
53
53
53
54
52
53
54
53
53
53
53
53
53
54
53
53
53
53
53
53
53
53
53
53
53
52
53
54
53
53
54
54
53
53
53
53
53
53
53
53
53
53
53
54
53
53
53
54
54
54
53
53
53
53
53
53
53
53
53
53
55
53
55
53
53
54
53
53
53
53
53
53
53
53
54
53
53
53
54
53
72
53
53
55
53
53
75
53
70
53
53
54
54
54
55
55
54
55
54
54
55
54
54
54
54
55
55
54
54
54
54
55
55
55
55
55
54
54
54
54
54
55
54
55
54
54
54
54
54
55
55
55
55
53
53
53
53
53
53
53
53
54
53
54
53
53
53
53
53
53
54
53
53
53
53
53
53
53
53
53
53
53
53
53
53
53
53
53
53
53
53
53
53
53
53
53
53
52
53
53
53
53
53
53
53
53
53
53
53
53
53
53
53
53
53
110
61
60
53
53
53
125
109
54
53
53
53
53
53
53
53
53
53
53
55
53
53
53
53
53
53
53
53
53
53
53
52
53
53
53
53
53
53
53
53
53
53
53
53
53
53
53
53
53
53
53
53
53
53
53
53
89
53
53
53
54
53
55
55
54
54
54
55
55
55
54
55
54
55
55
55
55
55
55
54
54
57
55
54
55
54
54
54
54
54
54
55
54
54
54
54
55
55
55
55
54
55
54
55
54
54
55
55
54
54
54
54
54
54
54
55
54
54
55
55
55
54
55
55
55
55
54
54
54
54
55
55
54
54
54
55
55
56
54
54
54
54
54
54
54
53
53
53
53
53
53
53
53
53
53
53
53
53
53
53
53
53
54
54
54
53
53
54
53
53
53
53
53
53
52
53
53
54
53
53
54
53
54
53
53
55
54
53
53
53
52
53
68
53
53
107
72
53
53
53
53
53
53
53
53
53
53
53
53
53
53
53
55
53
53
53
53
53
53
53
53
53
53
52
53
53
127
54
53
54
54
54
54
54
54
54
55
54
55
55
54
55
54
55
55
54
54
55
55
54
54
54
55
55
54
54
54
54
54
55
54
55
55
55
55
55
54
54
55
54
54
55
55
54
56
55
55
55
54
55
56
55
55
54
54
55
55
55
55
55
56
56
54
55
54
55
55
54
54
55
54
54
54
54
54
55
55
55
55
55
54
54
55
55
54
54
55
55
54
54
55
54
55
54
55
55
54
55
54
54
54
54
54
54
55
56
54
55
54
54
54
55
55
55
54
55
54
54
55
55
55
55
54
55
54
55
55
54
54
55
54
54
54
54
54
55
55
54
54
54
55
54
54
55
55
55
54
54
55
55
55
55
55
54
55
54
55
54
55
54
55
55
55
54
54
54
54
54
55
54
54
55
55
55
54
54
54
54
55
54
54
54
54
54
54
54
54
54
55
54
54
55
54
58
54
55
54
54
55
57
55
57
54
54
55
54
54
55
54
54
54
54
54
54
55
54
54
57
54
55
54
54
55
54
55
54
54
54
55
55
55
55
54
56
54
54
54
55
54
55
54
56
54
55
55
55
54
55
55
54
54
54
55
55
54
54
54
54
54
55
54
54
54
56
55
54
54
54
54
54
55
55
54
55
54
55
55
54
54
54
55
60
54
54
55
54
54
54
55
54
54
54
55
54
55
54
54
54
54
55
54
54
55
55
55
54
55
54
55
54
55
55
54
54
54
54
54
55
54
54
54
55
54
54
55
54
55
55
55
54
54
54
54
55
54
54
54
54
54
55
56
55
55
54
55
54
54
55
54
56
55
54
54
54
54
54
56
54
55
56
54
54
54
54
54
54
55
54
54
54
54
54
53
52
53
53
52
53
53
53
53
54
53
54
53
53
53
55
53
53
54
53
53
53
53
53
53
53
52
53
54
53
53
53
53
53
53
52
53
53
54
53
53
55
54
55
54
54
55
54
55
55
54
54
55
55
55
54
54
54
55
55
55
54
55
54
55
54
54
55
54
55
54
54
54
54
54
56
55
54
55
55
54
55
54
55
54
55
55
54
55
54
54
54
54
54
55
55
65
54
54
55
54
55
55
54
54
54
55
54
54
55
54
55
54
54
55
55
54
82
55
54
54
54
54
54
54
55
54
54
54
54
55
54
55
54
55
55
56
54
54
55
54
54
56
54
54
54
55
54
54
55
54
54
54
55
55
54
54
54
54
55
54
54
55
54
55
53
52
53
53
53
53
53
53
53
53
53
53
53
53
53
53
53
53
53
53
54
53
53
117
54
53
53
53
53
53
53
54
53
53
53
