82
82
81
82
81
82
82
81
81
81
82
86
81
82
82
82
81
81
82
82
118
82
122
81
82
82
82
81
82
82
81
82
81
81
81
81
82
82
82
81
82
81
81
81
83
84
84
83
83
84
83
84
84
83
84
83
84
83
84
84
83
86
83
84
83
84
84
83
84
83
84
84
83
83
83
83
83
83
84
85
84
84
84
82
82
81
82
82
81
82
82
83
82
135
83
82
120
82
82
82
82
82
82
81
82
82
82
81
81
81
83
81
82
82
81
84
81
81
94
81
82
84
83
84
83
84
84
84
83
83
84
83
83
84
84
84
84
83
84
84
83
84
84
84
85
84
83
84
84
83
83
84
83
83
83
84
83
84
84
83
82
81
82
81
82
82
82
82
81
83
82
82
82
81
81
81
81
81
81
82
85
112
82
82
82
82
84
82
82
82
82
81
82
81
81
82
82
82
82
82
82
82
82
82
110
82
82
81
82
82
82
82
121
82
81
82
81
82
81
82
82
81
81
81
154
82
82
82
81
81
82
82
81
82
82
81
81
82
84
84
84
84
84
84
83
84
85
83
84
84
83
86
84
86
84
84
84
84
83
84
84
83
83
84
83
84
84
83
84
84
83
83
84
84
83
84
83
82
81
81
82
82
82
81
83
82
82
82
81
82
113
119
82
84
83
84
81
81
83
82
86
81
82
82
81
81
82
82
81
82
81
81
82
82
85
83
83
84
84
83
84
84
83
83
83
84
84
84
83
84
83
84
85
83
84
83
84
84
83
84
84
84
83
83
84
85
84
84
83
84
84
84
84
84
82
82
82
82
164
82
82
122
82
83
82
82
82
82
82
81
82
82
82
82
82
81
82
82
81
82
82
84
83
82
81
82
82
82
118
81
82
81
84
84
84
84
83
84
84
84
83
84
84
84
84
83
83
86
84
83
85
84
85
83
83
83
84
83
114
84
85
84
83
83
84
84
84
83
84
83
84
82
81
82
82
81
82
82
82
82
81
81
81
82
82
82
82
82
82
81
82
82
81
82
82
81
81
82
82
82
81
82
82
82
81
82
82
82
82
81
83
84
83
84
83
84
84
83
84
87
83
84
83
84
84
84
84
83
84
83
83
83
84
84
83
84
84
84
86
84
84
84
83
83
84
83
84
83
84
84
83
83
85
84
84
83
84
83
83
84
84
84
84
84
84
83
84
83
85
84
84
83
83
84
84
85
83
83
83
83
84
84
84
84
83
84
84
84
86
84
84
84
83
84
84
83
83
83
84
83
83
92
84
84
84
84
84
84
83
84
83
84
83
84
84
84
84
84
83
84
83
125
84
84
84
83
84
85
84
84
84
93
83
84
84
84
83
84
83
83
83
84
83
84
84
86
84
83
84
84
83
84
84
84
83
83
84
83
84
83
85
83
83
84
84
84
84
82
82
82
82
81
81
82
81
81
81
81
82
81
82
82
82
82
82
82
82
82
81
82
81
81
81
81
82
81
82
81
81
82
82
82
81
81
81
82
81
81
82
81
81
143
81
82
82
82
82
81
82
81
82
121
84
82
82
81
82
82
82
82
81
82
82
82
82
82
168
82
81
83
82
82
82
82
84
83
84
83
84
84
84
84
85
83
83
84
83
84
83
84
84
83
84
84
84
84
83
84
84
83
83
85
83
84
84
84
111
84
84
83
84
84
84
84
84
81
81
81
83
81
81
81
82
82
81
82
82
82
82
82
82
82
82
82
82
82
81
82
82
82
81
82
82
82
82
82
82
81
82
82
82
81
81
81
81
83
81
81
81
82
82
82
81
82
81
82
81
81
81
81
83
84
82
81
82
82
81
81
82
81
82
82
81
82
82
81
81
82
82
81
82
83
83
81
82
81
82
81
82
81
83
81
82
82
82
101
82
82
81
81
82
82
82
81
82
82
82
82
81
82
82
82
81
82
81
82
83
82
81
82
81
81
81
81
82
81
143
82
81
82
81
81
83
81
81
81
81
82
81
81
81
82
81
81
81
82
82
82
82
81
82
82
81
81
82
81
82
82
81
82
126
81
81
82
81
82
82
81
83
82
82
82
81
81
82
81
82
82
81
81
82
82
82
81
82
123
82
82
82
81
82
82
81
81
82
82
81
81
82
82
81
81
82
82
82
81
81
81
82
82
81
82
82
82
83
110
107
84
132
82
81
82
82
82
82
81
82
82
82
83
82
81
81
81
81
82
81
82
83
84
83
84
83
83
84
84
83
84
84
83
83
84
84
84
84
84
83
83
83
84
