133
133
131
133
132
133
133
132
134
132
131
133
132
133
132
131
130
129
129
129
129
130
130
130
131
129
129
130
129
130
130
129
130
129
130
129
129
129
129
206
128
129
129
129
128
129
128
130
130
130
129
130
130
129
130
129
129
156
172
129
203
130
166
129
130
164
130
129
131
129
129
129
129
128
130
129
129
129
129
129
130
129
129
129
129
130
129
129
129
134
132
134
132
133
133
133
131
133
132
133
132
132
134
133
133
133
132
132
133
133
133
132
133
132
133
134
132
132
133
133
132
133
131
133
132
132
130
129
129
144
199
130
130
131
129
129
129
128
129
129
130
130
129
130
129
129
130
130
130
129
129
129
130
128
130
130
130
129
129
129
129
128
130
129
129
129
129
133
128
238
130
129
129
129
129
129
129
136
143
214
224
225
225
224
224
225
156
155
155
155
156
152
152
151
148
147
140
130
130
130
129
129
132
132
129
129
130
130
129
129
129
129
129
129
129
130
129
129
129
130
130
129
129
129
129
129
129
130
130
130
129
129
129
129
129
130
129
128
128
129
130
129
130
130
129
130
130
129
130
130
130
129
130
128
129
130
128
128
128
130
128
129
128
129
130
133
133
132
130
132
132
133
133
133
133
135
132
132
132
134
135
133
133
133
132
133
132
133
134
131
133
133
133
134
135
133
133
137
133
133
133
142
130
129
130
131
213
171
149
148
139
139
132
130
129
172
129
128
130
129
129
129
129
128
129
129
129
129
129
128
130
129
130
130
129
129
128
128
128
130
130
131
129
129
129
131
129
127
130
128
129
129
130
130
129
129
130
128
130
129
130
128
130
129
129
130
265
148
147
129
129
129
129
129
129
130
129
129
130
130
129
128
171
130
129
128
130
129
129
130
129
129
128
129
129
129
130
130
130
130
130
129
130
129
129
133
133
133
133
132
137
133
133
132
133
135
134
133
132
133
133
132
133
131
132
131
131
133
132
133
133
133
132
133
133
133
134
134
133
134
156
133
134
133
133
133
132
133
133
132
132
133
138
136
133
133
132
133
133
133
132
132
133
133
134
131
133
132
132
132
134
132
133
132
133
133
133
145
129
129
129
129
130
129
130
130
129
130
129
129
130
129
224
131
129
130
129
130
129
130
130
163
130
130
129
129
129
130
129
130
130
128
129
129
129
127
128
129
130
129
130
129
129
129
128
129
128
130
130
130
129
129
129
130
129
129
148
146
146
129
129
129
130
129
129
129
147
148
129
129
176
130
129
129
129
130
131
130
129
129
129
129
130
129
129
129
129
130
129
130
130
130
129
129
130
129
128
129
130
129
129
129
129
129
129
130
130
128
129
129
128
129
130
188
129
131
129
128
130
129
130
131
129
129
129
129
130
130
128
129
129
129
129
130
129
129
130
129
129
129
130
129
129
132
133
133
132
133
132
133
133
132
132
131
133
132
132
132
133
132
133
133
132
133
132
134
132
132
133
133
133
132
131
132
132
133
132
132
135
133
128
130
130
129
130
128
130
130
129
130
128
129
129
129
129
129
131
130
130
129
128
129
129
130
129
130
129
129
129
129
130
130
129
129
129
130
129
129
130
130
130
129
129
129
128
132
129
129
129
129
129
130
129
129
129
129
130
129
129
130
148
128
129
130
129
129
128
129
130
129
129
129
129
130
130
130
130
129
128
129
129
129
130
130
128
135
129
129
129
129
129
130
129
128
130
129
129
130
129
129
128
130
128
131
129
130
128
129
128
129
129
129
129
130
128
129
129
130
130
129
130
128
129
129
129
171
130
130
129
129
129
129
129
130
130
130
129
132
133
130
130
130
130
128
128
129
129
130
133
133
133
133
133
133
131
133
132
132
132
132
133
134
133
131
133
132
133
132
132
133
133
134
133
132
132
134
132
132
133
133
133
132
132
133
133
133
129
129
129
129
129
129
129
129
129
129
130
130
130
129
129
130
129
130
129
129
129
128
129
129
128
129
129
129
129
129
131
129
129
129
129
129
129
130
129
129
129
129
128
130
129
129
129
129
130
130
129
128
129
129
129
129
176
129
129
128
129
129
129
129
129
130
130
129
129
130
132
130
130
130
129
130
128
129
129
130
129
130
130
130
129
129
130
129
130
145
128
130
130
129
129
130
130
129
130
129
129
129
130
130
130
130
129
129
129
130
132
132
133
132
132
133
131
132
131
132
133
132
132
132
132
132
133
131
132
133
133
133
132
132
133
133
132
133
132
133
133
132
135
132
132
133
134
129
128
130
128
129
129
130
