169
168
169
169
168
169
170
168
213
169
169
168
169
169
169
168
168
168
168
169
229
168
168
169
168
168
168
169
170
168
169
169
168
169
169
169
168
169
168
169
169
168
168
168
257
168
169
169
169
168
169
169
169
169
169
169
168
168
169
168
171
171
168
221
169
168
169
168
169
169
169
171
168
168
169
168
168
168
168
168
169
169
168
170
169
168
176
169
169
169
169
169
169
168
168
168
169
168
168
168
168
168
168
169
168
170
168
168
168
168
168
169
168
169
169
168
168
170
168
229
168
169
169
169
168
169
168
168
169
168
169
171
169
168
168
169
168
168
168
169
168
168
169
169
168
169
168
168
169
168
169
169
168
168
168
170
251
205
169
169
169
169
169
169
169
168
169
169
169
168
169
168
168
169
168
168
169
169
168
169
169
168
169
169
175
169
168
168
170
168
168
168
168
169
169
168
168
215
169
169
169
169
169
168
168
169
168
168
169
169
169
168
168
255
168
169
171
169
169
168
168
169
168
169
168
169
170
169
168
168
169
168
169
168
169
168
169
170
168
169
168
261
169
168
168
228
168
170
169
169
169
168
169
169
169
169
169
171
169
169
168
169
168
169
168
168
169
169
169
169
168
169
169
169
168
170
168
169
168
168
168
168
169
169
168
175
171
168
168
168
168
169
169
168
168
169
168
168
168
168
168
169
168
168
168
168
169
169
168
169
170
169
211
169
168
168
169
260
169
168
169
168
169
168
170
169
168
193
194
169
169
168
173
169
169
168
169
168
168
168
169
169
168
168
169
168
169
169
171
169
169
168
168
169
169
212
170
169
168
170
169
169
168
169
169
168
169
258
169
168
168
168
169
169
168
168
169
169
169
168
168
171
169
169
169
168
215
169
170
169
169
168
169
169
169
169
169
168
168
168
169
169
169
169
168
169
169
168
169
168
169
168
169
168
168
168
168
169
168
168
168
170
168
169
169
168
169
168
168
169
170
169
168
171
169
168
168
168
230
168
168
168
168
169
169
169
168
169
169
169
168
168
168
169
169
169
168
168
168
168
169
168
168
169
169
169
168
168
168
168
168
256
169
170
171
168
169
169
169
169
168
169
168
169
170
168
169
168
169
168
168
168
169
169
169
168
169
169
237
169
169
169
169
169
169
169
169
168
168
168
173
173
172
172
173
173
172
172
173
172
172
173
173
173
173
173
173
172
172
173
173
173
172
173
173
172
173
172
173
178
173
173
173
198
173
169
168
168
169
169
169
169
169
168
169
169
168
169
169
169
238
168
169
168
169
169
185
169
169
169
168
169
169
168
169
168
168
169
168
169
168
169
169
168
171
169
169
169
169
168
168
169
168
168
169
169
169
168
168
169
169
168
168
169
170
168
168
170
168
169
168
169
169
208
169
168
168
169
169
169
169
168
168
169
168
168
169
168
169
169
168
169
169
169
168
169
169
168
169
168
168
169
168
169
169
168
169
168
168
168
169
169
169
170
168
169
168
168
169
169
168
169
169
169
169
168
169
169
168
169
169
169
169
169
185
169
169
169
168
169
168
168
169
169
168
169
241
213
168
168
168
168
168
169
168
169
168
169
169
169
168
170
168
220
169
169
169
168
169
169
168
168
168
168
169
169
173
172
200
173
173
173
173
173
178
173
173
173
173
173
173
173
173
173
172
173
173
173
172
173
173
173
173
173
173
172
173
172
172
172
185
168
168
168
169
170
169
168
196
169
169
169
168
168
168
169
169
169
168
169
169
169
168
169
169
168
168
169
169
168
169
169
169
169
169
168
174
168
169
209
169
169
170
168
169
169
169
169
169
169
168
169
169
169
169
168
168
168
168
169
169
169
168
168
169
168
169
169
168
172
172
173
173
174
175
174
172
173
174
172
173
173
173
173
172
173
173
172
173
173
173
173
176
173
173
173
173
173
173
173
173
173
173
184
169
169
168
168
168
169
169
168
168
168
168
169
169
169
169
168
169
168
168
168
168
169
170
169
168
168
168
169
169
169
168
170
168
169
169
169
169
168
168
169
169
169
169
168
168
168
168
169
168
169
168
169
169
169
169
168
169
169
169
169
170
169
168
168
168
168
168
168
168
169
170
169
168
169
168
169
170
168
168
169
168
169
169
169
169
169
170
169
168
168
169
169
168
170
169
169
169
168
168
169
168
168
168
168
168
169
168
168
169
168
168
200
168
168
168
312
169
169
168
169
169
168
169
168
169
169
169
169
168
169
170
169
168
168
169
168
169
185
168
168
169
169
168
170
169
169
