229
229
261
229
229
228
229
230
229
229
228
228
228
229
229
228
229
229
229
229
229
228
228
229
228
228
229
229
228
229
228
229
229
229
228
229
229
229
230
229
230
229
228
228
229
229
229
229
229
228
229
228
229
229
229
229
229
229
229
228
229
228
228
229
229
229
296
229
229
229
229
229
230
229
229
230
228
229
229
229
228
229
228
229
228
228
229
229
228
228
228
228
260
229
229
229
229
230
230
230
229
229
229
229
229
229
230
229
229
229
228
229
230
229
229
229
229
229
229
229
229
229
229
235
228
228
229
228
228
229
230
229
228
229
228
229
229
229
229
229
229
229
231
231
228
229
228
229
233
229
229
228
229
229
230
229
229
228
228
229
231
230
229
228
329
229
229
229
228
229
229
229
229
229
231
229
229
228
229
229
229
229
229
228
229
229
228
229
229
229
229
228
229
229
230
229
228
229
229
229
228
229
229
231
229
228
228
229
229
229
230
229
230
229
229
228
229
229
229
230
229
228
229
229
229
229
230
229
229
229
229
229
229
229
341
232
229
228
230
228
229
229
229
229
229
228
229
229
229
229
229
230
228
229
228
229
229
318
229
229
228
229
229
229
229
229
229
230
229
228
229
229
229
230
229
229
229
228
230
229
228
229
229
231
229
228
229
229
229
229
228
229
229
229
228
228
228
230
229
228
229
229
229
229
230
229
228
229
229
229
229
231
230
229
228
228
229
230
229
229
228
228
229
229
228
228
229
229
229
228
229
229
229
229
229
229
229
228
228
231
229
228
229
235
234
234
235
234
235
235
234
234
234
235
235
234
234
235
236
234
234
235
234
235
235
234
235
234
236
235
234
235
235
234
234
229
229
229
229
229
230
229
229
228
229
229
229
229
229
230
229
229
229
229
229
230
229
229
229
229
229
228
229
228
229
229
261
285
229
229
228
229
229
230
229
229
229
229
229
229
229
230
229
229
229
229
229
229
229
229
229
228
229
229
228
228
228
229
230
229
229
229
229
229
229
229
229
228
228
229
229
228
229
274
230
229
230
230
231
272
229
228
229
229
231
229
228
261
229
229
228
229
229
229
228
348
263
297
229
229
229
230
228
229
229
229
229
229
228
229
235
228
229
229
230
229
228
230
229
229
229
229
235
235
234
234
242
236
235
235
235
235
235
234
235
235
236
234
234
235
234
234
235
235
234
234
234
235
234
234
235
235
234
234
229
228
229
229
230
228
229
229
228
229
229
230
229
229
229
229
228
229
229
228
229
267
299
230
229
229
229
229
288
229
229
229
229
228
229
228
229
229
229
230
229
229
229
229
229
229
231
270
229
229
228
228
230
229
229
229
229
229
404
229
229
229
231
234
237
235
235
235
235
238
235
235
234
235
235
235
234
235
234
260
304
261
260
235
234
237
234
234
235
241
259
235
234
234
229
229
229
231
228
229
229
229
229
229
229
229
229
229
228
229
229
229
228
229
230
228
229
229
290
228
229
228
231
395
235
230
228
232
229
230
228
231
229
228
229
230
385
229
231
229
232
229
229
277
229
229
230
229
229
336
229
229
230
229
229
229
228
229
230
229
229
229
228
230
229
229
228
228
229
229
229
229
229
229
230
228
229
228
228
229
228
228
229
287
230
229
230
230
230
230
230
229
228
229
229
229
229
229
229
230
229
229
229
229
229
229
232
228
229
229
229
229
229
229
229
229
229
229
228
229
229
230
229
230
229
229
229
229
229
231
229
229
229
229
229
231
230
229
229
229
229
229
228
228
229
230
229
229
229
229
229
228
229
229
229
229
232
230
228
236
228
229
228
229
229
228
229
228
231
229
230
228
229
229
229
230
229
229
311
270
230
229
229
235
234
236
234
234
234
236
235
235
235
235
235
235
236
235
235
234
234
234
235
235
234
234
235
234
234
235
235
235
241
234
235
260
231
230
228
229
229
229
229
229
232
229
228
229
229
229
229
230
228
229
229
229
229
229
229
322
229
228
229
229
229
229
229
229
229
229
230
229
229
229
229
229
259
229
231
230
229
229
229
230
232
228
228
228
229
230
228
231
354
230
230
229
229
235
235
234
235
234
234
235
236
234
234
235
235
235
234
236
234
234
235
235
234
235
236
235
235
235
235
235
235
235
234
235
234
229
231
229
229
229
228
229
230
228
229
230
230
229
229
229
230
229
229
230
228
229
230
229
228
229
229
228
229
229
229
229
228
229
230
228
229
229
229
229
229
229
229
229
229
229
229
229
229
228
231
229
228
229
229
229
229
229
