303
302
303
303
303
303
303
370
302
303
303
303
303
302
303
303
303
303
303
303
302
302
302
303
303
303
302
304
302
303
303
305
303
303
303
303
303
302
302
303
303
347
305
303
303
303
303
304
304
303
303
302
303
302
302
303
302
303
303
303
303
302
304
303
304
302
305
303
303
347
304
302
303
303
303
450
304
302
302
303
303
304
306
309
302
302
302
302
303
303
361
303
447
303
313
310
309
309
311
310
312
312
311
319
311
311
310
310
310
310
310
311
311
309
311
310
310
310
351
310
310
310
310
310
310
310
311
311
310
310
310
310
312
311
311
309
311
310
310
311
312
310
310
310
310
310
310
311
311
311
310
310
302
303
303
302
303
302
302
303
303
303
302
344
303
302
302
302
302
303
303
302
302
302
303
304
302
303
303
302
303
304
303
303
302
342
370
303
302
304
303
424
304
337
303
303
303
303
302
303
303
309
303
339
302
304
303
303
303
302
303
302
303
303
302
302
302
303
304
303
303
303
303
303
303
303
303
302
303
303
303
303
303
302
303
302
396
302
302
303
303
303
302
302
303
408
303
303
303
302
383
305
302
302
304
303
303
303
366
303
303
303
302
302
420
408
318
303
303
310
310
310
314
310
310
311
340
311
311
311
313
310
310
310
309
310
310
311
310
310
310
311
310
312
312
310
316
310
310
311
310
310
310
311
310
312
311
319
312
310
310
310
312
311
310
311
311
311
326
310
310
310
311
310
311
311
311
310
310
310
311
311
311
311
311
311
311
310
310
311
311
311
310
310
309
312
310
311
311
310
312
312
311
311
311
310
310
310
310
317
310
311
311
310
310
443
311
311
310
314
315
310
310
310
310
310
311
311
311
310
345
311
311
310
310
310
311
312
310
311
310
311
311
313
311
310
323
310
310
310
310
311
311
310
311
312
310
310
344
310
310
312
311
310
310
310
310
311
310
310
310
310
311
311
310
312
310
311
311
310
310
313
312
312
310
310
311
310
313
310
310
310
324
303
303
303
303
303
303
302
302
302
304
305
304
303
303
303
302
303
302
304
302
305
303
302
305
302
302
303
303
303
303
301
302
381
303
303
303
302
306
303
332
315
302
304
302
303
303
431
302
304
391
302
302
303
303
303
304
302
310
310
311
311
309
311
311
313
310
322
312
310
310
310
311
310
310
310
310
310
310
310
311
310
311
310
312
309
310
310
311
310
309
310
310
311
311
311
310
310
311
310
310
310
310
310
310
311
310
310
310
310
310
310
311
310
311
310
303
302
303
302
303
303
350
303
314
302
303
302
302
303
306
302
302
302
448
303
302
303
303
302
319
303
473
304
310
310
310
310
312
310
311
311
310
310
311
309
310
311
310
311
310
310
310
310
311
310
310
310
310
311
309
310
310
310
302
302
303
303
302
303
303
306
302
303
304
303
302
302
304
302
303
303
303
303
303
302
303
303
302
303
303
302
303
302
302
303
305
303
303
303
302
302
302
303
302
302
302
305
302
302
303
380
408
407
324
310
310
303
303
302
302
302
310
309
310
310
310
313
310
310
309
311
310
309
310
311
310
310
310
310
311
310
311
310
311
310
310
310
313
310
310
304
303
303
303
303
303
302
303
303
345
402
344
310
305
303
302
302
304
305
302
303
302
303
338
328
327
327
320
312
309
309
310
310
310
310
310
310
310
310
310
309
311
310
310
310
310
310
311
310
310
310
310
310
311
310
310
310
302
303
302
303
302
302
302
302
302
302
302
302
306
303
302
303
303
302
302
303
305
302
302
306
303
303
340
303
303
310
310
310
311
310
311
312
311
311
311
310
311
310
310
310
311
311
310
312
311
310
310
312
310
310
311
310
311
311
309
303
302
303
303
303
346
303
303
302
303
303
303
303
303
302
303
303
345
513
339
346
303
302
302
303
303
302
310
310
310
310
310
310
311
310
311
311
310
311
310
310
372
310
310
311
310
313
312
311
310
310
310
311
310
309
309
303
304
302
303
305
303
302
303
303
303
302
305
303
303
303
303
303
302
406
302
302
304
302
303
303
302
303
303
302
302
304
303
303
303
304
306
303
302
303
302
303
303
303
302
305
302
303
303
303
303
302
302
303
302
318
303
303
302
308
303
303
303
302
302
304
302
303
303
303
302
303
302
303
304
303
303
303
304
302
303
303
302
302
303
304
302
303
303
303
302
303
304
303
306
302
302
302
302
302
302
302
302
303
303
303
302
304
302
302
369
303
303
303
302
303
302
302
302
304
302
302
303
303
302
305
