391
390
391
391
392
393
392
397
390
391
391
391
422
433
390
595
443
390
390
390
570
391
390
391
390
390
390
392
389
389
390
390
390
390
425
391
390
391
391
391
390
455
390
390
445
393
392
391
391
390
389
390
391
390
392
390
390
390
390
389
389
390
390
391
392
391
390
390
392
434
391
391
391
390
389
391
392
391
391
393
390
391
390
578
391
391
391
391
390
390
466
392
391
391
390
434
391
390
390
391
400
400
400
400
401
401
401
399
400
407
401
401
400
400
401
400
403
400
400
400
400
401
400
400
404
400
400
390
391
390
390
390
390
390
389
392
390
391
390
389
390
391
390
391
391
389
390
390
390
390
391
393
391
390
391
391
390
498
390
390
390
390
390
414
434
391
390
390
389
390
390
391
391
421
394
400
404
402
400
401
402
400
399
400
401
401
400
399
401
401
412
400
399
400
400
400
400
400
400
400
400
400
402
441
401
399
400
391
391
391
391
391
391
391
390
393
390
390
391
391
519
446
390
391
391
391
390
390
390
390
390
463
391
391
390
391
584
391
390
722
393
542
498
470
390
390
391
390
390
392
433
390
391
390
392
391
391
394
400
400
411
402
401
402
400
402
401
401
403
400
400
400
400
400
401
401
400
400
401
400
401
401
401
400
400
391
391
437
436
432
442
393
391
390
391
391
391
390
390
390
389
390
390
391
392
390
390
390
391
390
390
391
433
391
390
390
391
391
391
391
389
391
390
390
391
390
391
389
391
391
390
390
390
393
390
390
390
390
390
391
391
391
433
391
390
392
390
390
632
392
390
390
390
391
390
391
390
390
451
391
390
389
391
390
391
402
400
401
400
400
401
401
400
401
401
400
400
400
399
400
400
400
400
404
399
401
400
400
401
402
403
401
392
390
392
390
390
390
390
390
391
390
391
398
392
393
390
389
390
678
391
423
391
391
397
393
391
391
391
400
400
401
400
400
401
400
401
402
402
401
402
400
399
399
400
400
401
403
400
401
399
402
402
400
401
400
400
400
434
401
400
402
400
401
405
402
400
400
400
401
400
399
400
400
400
400
402
403
400
401
399
400
400
391
391
391
393
390
391
390
390
391
391
392
390
391
390
390
392
390
391
391
390
511
391
439
415
391
445
411
400
401
400
401
400
400
400
474
407
401
403
400
400
400
401
400
399
400
399
400
400
400
400
401
400
401
400
400
401
400
448
400
400
400
401
425
400
403
403
401
401
399
401
455
400
399
400
400
400
401
400
401
391
391
392
390
392
391
390
390
391
394
391
393
391
389
391
390
390
406
508
392
390
391
495
391
395
389
390
400
400
448
399
400
402
399
400
429
402
401
407
400
400
403
401
400
400
400
400
400
400
402
401
400
399
390
390
390
390
389
392
390
390
391
435
390
390
391
390
390
390
390
440
390
390
392
390
464
390
390
391
391
391
390
392
391
390
390
390
532
391
391
390
390
391
391
390
390
391
523
390
391
390
391
391
390
390
391
390
391
391
390
391
389
390
390
391
391
391
419
390
437
394
390
390
391
389
390
392
390
390
391
497
433
391
390
391
390
390
391
437
472
434
393
392
390
390
390
392
391
391
391
391
391
390
391
390
390
390
390
391
390
390
390
390
390
391
390
391
390
390
389
393
391
467
393
390
394
390
392
479
390
391
390
390
391
392
391
391
391
394
390
392
390
390
390
390
394
391
390
390
392
492
390
390
393
391
393
391
391
391
390
390
390
390
391
392
391
390
390
394
391
390
453
390
390
391
391
392
394
390
392
391
393
392
392
390
390
390
390
390
390
392
390
391
391
390
438
390
390
391
391
390
391
391
390
392
390
390
391
390
390
390
392
389
390
390
391
389
391
392
513
521
444
390
391
390
390
391
391
391
390
391
391
391
391
391
434
390
390
391
390
391
393
389
390
390
390
390
392
392
390
390
389
390
390
391
390
390
390
390
391
390
391
391
391
389
390
391
391
391
390
391
391
390
390
390
390
390
391
391
393
391
390
390
389
391
390
390
391
391
390
435
391
392
391
390
390
391
390
392
390
390
390
390
391
391
390
391
389
389
392
390
391
391
393
391
390
391
391
391
390
391
391
390
390
391
390
391
392
390
391
390
392
390
392
391
390
390
391
390
390
390
391
390
391
390
390
463
391
390
390
391
390
390
391
391
390
390
391
391
391
390
391
390
390
390
390
390
390
390
391
391
390
391
389
391
391
391
390
439
391
390
392
391
390
391
391
458
391
390
391
390
391
392
391
390
390
391
390
