495
496
495
495
495
495
496
496
495
495
495
495
496
495
494
496
495
495
496
494
495
497
496
494
496
495
497
495
496
497
496
495
496
496
497
496
495
499
496
495
496
496
499
496
499
538
647
495
495
497
496
495
538
495
496
498
496
496
496
498
495
496
495
496
545
496
495
495
496
496
496
496
495
496
495
496
496
565
575
564
496
498
497
497
498
495
496
496
496
495
498
496
495
495
495
497
495
495
495
496
496
497
496
496
496
495
496
496
495
496
495
496
496
496
495
496
496
496
495
496
495
498
497
495
495
496
495
495
495
496
496
496
496
495
496
494
690
496
495
581
495
495
496
494
496
495
495
496
496
496
495
496
495
495
503
496
496
496
497
496
495
495
495
495
539
496
495
497
726
495
496
497
496
496
498
498
495
497
717
496
496
510
495
495
495
496
508
508
509
507
508
507
507
507
509
509
508
508
508
507
510
508
508
507
508
508
510
512
509
508
495
495
495
538
495
496
495
496
496
497
496
497
495
496
495
496
496
495
496
497
495
496
534
496
498
496
495
496
495
497
496
495
495
586
495
497
494
495
496
495
495
497
495
496
497
513
496
496
497
496
495
497
495
496
495
496
496
495
496
496
495
499
540
496
495
501
685
496
541
496
515
496
496
495
495
496
495
496
495
495
527
499
498
495
495
496
536
496
496
495
496
497
497
496
496
498
496
579
497
496
496
496
496
496
496
496
496
577
496
495
496
495
496
495
545
496
496
621
495
496
495
497
497
555
549
496
496
495
495
496
763
496
638
537
496
495
495
496
495
760
496
496
496
495
496
540
496
495
495
499
495
496
497
495
497
495
499
667
496
496
497
495
496
495
498
496
495
496
844
495
496
496
495
496
495
498
496
495
496
497
496
495
495
495
495
495
495
495
496
495
496
497
496
495
496
497
495
496
495
498
498
496
496
495
538
495
496
494
498
495
495
495
496
496
496
590
495
495
828
496
497
495
508
507
510
508
510
508
509
508
508
508
511
508
508
507
508
508
510
508
508
510
508
508
508
508
544
496
495
497
499
496
495
496
495
496
496
495
495
496
497
495
500
495
497
495
496
496
495
495
495
497
496
496
497
495
495
495
495
496
497
496
495
496
496
497
495
496
498
496
496
495
496
496
496
496
496
495
496
496
495
495
496
496
496
547
497
495
495
496
497
496
496
496
496
496
496
496
496
495
495
495
496
496
495
496
496
495
494
496
496
497
496
496
495
496
495
495
580
495
495
495
496
496
497
496
497
496
497
497
496
495
496
568
544
495
501
495
496
496
499
497
496
496
497
496
502
499
495
496
532
498
497
496
496
497
496
496
496
495
497
495
496
496
495
495
496
495
495
496
497
496
496
495
496
496
495
496
495
495
495
495
497
495
499
497
496
496
503
496
496
496
495
495
497
496
495
496
495
497
495
496
565
543
541
496
498
496
495
495
496
496
497
496
495
495
496
495
494
497
496
496
495
496
495
496
495
497
495
496
496
496
496
497
569
495
495
495
496
498
496
496
495
495
496
495
497
496
495
496
496
497
495
498
497
496
495
534
495
496
497
496
497
498
496
495
496
496
496
496
495
496
495
496
495
496
495
495
496
496
498
496
495
564
500
495
495
495
496
497
496
495
496
495
495
501
497
496
495
496
495
497
496
496
536
496
495
495
496
496
495
721
495
495
496
495
495
495
497
495
496
495
496
495
495
496
496
498
496
495
495
497
496
495
497
496
497
500
496
496
496
495
496
495
495
495
495
496
495
495
495
498
496
496
495
495
495
497
495
496
543
496
496
562
496
495
498
536
496
495
495
495
496
498
498
495
496
496
497
511
495
496
496
496
495
495
497
494
498
496
496
496
495
564
495
496
495
497
495
496
495
496
495
496
496
496
497
496
496
497
496
496
495
495
496
495
494
495
496
495
496
496
495
495
497
496
495
496
496
496
496
497
495
496
497
497
495
495
495
496
496
494
496
496
495
496
495
496
497
495
495
497
496
496
495
496
502
495
495
496
495
495
496
497
495
494
495
497
496
495
497
497
495
498
496
496
497
496
495
496
495
497
496
496
497
496
496
495
497
496
495
495
495
496
496
495
496
497
497
495
495
497
496
497
496
496
495
496
496
497
496
495
498
496
496
499
496
496
551
495
496
664
496
497
496
497
495
496
544
496
496
495
495
496
496
495
496
494
496
495
496
495
496
495
496
496
496
498
495
496
496
496
495
496
496
495
497
496
495
671
496
497
496
495
496
496
494
496
496
498
