616
678
620
619
634
633
634
633
633
633
633
634
633
633
633
632
633
632
633
632
633
634
661
633
633
635
633
618
616
617
618
617
617
618
619
617
617
617
618
618
618
619
619
616
619
618
625
617
667
617
617
618
617
617
617
618
617
623
618
748
617
617
618
662
729
617
617
618
620
620
667
633
633
633
633
633
633
634
633
637
634
633
633
634
632
633
634
633
635
634
633
633
633
632
632
633
637
633
633
632
633
634
635
633
633
634
636
633
634
633
632
637
633
634
645
633
622
618
619
617
619
617
618
617
617
618
619
618
617
617
617
619
617
619
617
618
736
653
645
635
632
632
632
633
633
633
635
634
634
635
632
633
633
633
633
634
633
633
633
632
660
632
633
634
635
634
633
666
633
633
634
635
632
633
632
633
633
635
633
633
639
634
633
617
619
618
620
617
617
619
781
617
619
618
618
661
618
854
619
617
618
618
617
619
621
663
624
617
786
618
618
618
620
1014
746
619
617
618
617
618
618
618
618
798
877
617
617
637
633
632
635
632
632
634
633
633
634
633
633
632
633
633
633
633
633
633
633
633
633
618
616
621
618
618
617
617
617
658
1017
704
704
618
662
621
619
617
619
617
618
618
618
618
618
619
618
618
618
618
619
664
713
617
663
729
656
618
618
618
617
668
618
618
703
633
637
632
635
634
633
632
636
647
650
645
683
634
633
633
633
636
634
633
633
637
633
632
633
633
633
633
634
635
634
634
635
633
633
633
633
634
634
633
633
639
633
632
635
618
617
618
617
715
620
617
617
618
662
619
618
621
618
665
619
618
649
618
618
657
757
620
619
618
618
618
621
617
617
618
618
618
617
617
618
618
619
618
617
617
619
618
618
645
632
650
635
634
634
682
633
633
633
634
634
633
633
633
640
633
637
633
636
634
633
634
619
617
617
619
617
618
624
618
618
617
623
619
617
621
617
618
617
1013
617
760
823
617
633
637
633
633
633
634
633
660
633
633
634
636
633
633
633
633
632
633
633
633
634
633
654
618
617
617
621
618
698
619
619
621
617
618
675
619
617
618
617
618
617
623
617
618
618
619
617
617
618
617
619
618
618
618
620
617
620
617
618
618
617
618
667
618
652
618
619
618
618
617
617
619
617
618
618
617
618
617
692
618
618
622
753
648
618
618
618
619
620
618
634
633
633
632
633
633
633
632
637
634
670
634
633
634
634
632
632
634
633
644
633
632
633
632
632
633
632
633
634
632
632
633
634
633
640
633
632
633
634
633
633
638
635
633
634
619
618
618
617
661
617
702
619
618
619
617
618
618
619
617
1280
816
704
661
622
619
704
816
707
618
618
617
618
691
617
702
618
618
698
618
619
618
617
618
638
869
688
617
633
633
633
633
632
634
634
633
632
632
634
633
633
633
634
633
633
634
633
633
633
635
640
617
617
710
618
617
617
618
618
617
618
619
618
618
627
618
618
617
618
617
617
617
620
618
617
617
811
621
618
620
618
811
619
634
618
618
617
666
619
619
618
618
734
617
618
619
633
634
634
634
633
638
634
633
633
634
633
632
633
634
633
633
660
633
632
633
638
639
617
617
618
618
667
617
617
620
618
658
617
618
621
618
665
657
960
660
617
620
619
620
634
633
635
635
634
634
633
634
632
634
634
633
632
633
637
633
633
634
637
668
635
634
634
634
635
634
636
633
632
633
636
634
633
634
632
634
636
633
633
633
633
632
632
633
633
635
617
617
618
617
617
617
617
617
619
617
617
618
617
617
617
617
707
617
616
618
617
617
703
617
617
616
618
617
618
706
618
617
664
618
617
619
833
619
618
617
623
775
619
623
632
633
633
633
636
634
633
638
632
633
635
634
633
633
633
633
634
656
633
633
633
700
633
620
618
619
617
618
619
617
618
618
618
617
616
618
618
617
618
617
617
617
617
682
618
618
620
618
618
618
618
618
618
671
619
618
617
618
665
617
617
617
618
619
618
621
619
643
634
634
632
633
633
633
632
632
633
633
632
635
634
633
633
636
635
634
635
633
635
634
618
663
617
618
618
617
619
617
618
616
617
703
703
751
703
617
667
619
620
616
618
617
618
618
618
618
660
618
617
618
617
617
619
618
618
616
618
693
618
617
617
871
617
618
618
671
618
617
617
617
617
617
617
619
619
618
617
620
618
617
617
618
618
618
618
617
618
617
618
618
662
617
618
618
619
618
617
618
617
641
618
618
617
711
617
619
793
616
617
620
618
617
617
618
617
618
618
617
618
618
617
619
618
617
