798
798
884
800
796
796
797
797
1054
906
796
797
779
778
780
778
822
781
779
779
777
779
778
778
779
817
776
779
775
798
864
847
797
854
796
798
885
837
796
796
798
796
800
798
796
799
797
798
798
797
798
844
797
798
874
797
798
797
797
797
797
798
796
796
796
797
799
797
796
797
796
796
968
828
837
978
799
797
801
797
798
798
795
796
795
796
799
796
799
797
817
818
820
819
819
818
816
822
816
818
818
818
820
818
818
817
815
818
817
817
816
797
796
798
798
865
799
798
844
798
799
797
800
799
796
797
796
797
796
796
797
796
797
797
795
799
798
798
912
800
840
795
799
798
868
796
797
797
797
799
798
799
798
798
795
798
800
798
797
844
1034
796
798
796
879
795
797
798
797
797
797
798
798
797
798
797
800
798
796
798
797
796
797
796
797
797
797
796
796
797
796
797
796
798
798
797
796
798
796
798
798
797
797
796
798
799
797
797
797
796
800
798
798
796
798
798
797
795
797
798
797
797
821
796
800
796
797
798
796
799
796
798
798
797
796
796
796
799
797
794
796
797
799
798
844
796
796
796
883
799
797
798
797
798
797
796
798
796
796
797
796
797
801
798
801
797
796
799
846
796
798
796
797
798
796
797
799
797
800
800
800
797
801
796
798
798
797
797
796
797
797
798
796
796
798
797
798
796
797
796
797
796
797
796
796
797
801
797
798
799
797
811
798
799
799
796
797
797
795
798
796
797
797
797
799
798
797
798
799
796
798
796
795
797
796
796
797
797
797
797
799
845
801
796
798
796
797
798
1018
798
797
796
796
797
797
797
796
798
797
796
794
799
798
797
797
796
794
798
798
797
799
800
794
797
797
880
796
798
799
797
798
798
798
796
796
797
798
798
797
798
797
797
797
797
798
798
798
798
797
797
797
796
800
798
800
797
796
798
798
796
797
798
796
798
797
796
798
798
796
796
799
799
798
798
799
797
796
796
796
957
820
800
798
798
797
797
799
796
796
797
797
797
797
800
798
797
798
796
797
799
799
798
797
797
797
838
798
796
805
798
800
797
797
797
799
797
798
796
802
798
796
797
798
802
798
797
797
795
799
910
799
798
799
800
796
798
840
798
796
796
797
797
796
799
797
798
796
798
799
798
799
803
796
798
797
798
797
798
866
797
798
829
979
842
796
796
797
799
844
800
795
797
799
797
796
817
818
819
815
817
817
817
819
817
818
818
814
818
816
816
817
821
816
819
819
817
797
805
797
797
796
802
806
799
845
797
796
798
795
800
800
794
799
796
796
797
798
798
798
796
796
800
798
796
795
800
796
895
799
797
797
797
796
798
798
798
798
796
798
797
797
797
798
797
795
798
801
797
799
797
798
800
798
797
798
797
796
798
796
800
798
796
797
794
798
797
795
795
797
797
797
798
799
796
797
799
798
797
798
797
799
797
798
798
797
798
799
797
799
797
795
799
874
820
870
796
799
798
902
799
797
797
817
800
846
800
797
798
796
797
797
797
796
797
797
798
797
798
798
796
796
798
843
865
796
797
799
798
795
796
797
857
797
796
798
797
896
795
802
798
796
855
798
796
798
857
797
838
907
797
798
800
796
797
798
798
795
796
800
797
796
797
801
800
797
798
842
798
795
797
796
797
798
795
796
798
796
798
797
798
804
800
799
799
796
797
798
796
796
799
804
797
799
801
794
797
798
797
798
799
797
797
798
799
797
860
797
798
808
797
796
798
799
798
799
1000
798
796
798
980
797
798
818
817
817
817
817
818
817
818
818
817
820
817
824
816
817
817
817
824
816
818
816
797
878
797
798
799
798
916
798
798
796
798
798
845
796
798
798
796
797
796
800
799
798
796
795
798
796
842
797
798
797
797
804
798
844
796
797
841
796
799
796
798
797
796
797
798
797
797
868
797
799
796
797
798
798
798
796
797
798
1123
982
798
798
819
817
817
815
817
817
821
821
825
818
816
818
818
818
817
817
817
818
817
819
797
795
802
796
797
797
796
861
797
849
798
797
796
798
797
796
796
798
797
797
797
796
796
844
797
799
801
797
797
799
799
897
798
796
796
797
798
798
797
797
798
796
797
796
796
799
798
797
801
798
868
797
900
796
796
983
796
800
1152
1225
799
820
820
817
818
817
817
1054
908
908
822
817
823
817
818
819
814
817
818
816
818
800
797
797
797
796
812
798
799
799
795
853
797
796
799
799
797
797
797
798
798
796
796
797
795
796
798
795
798
797
798
798
797
872
797
799
798
796
796
799
801
847
799
798
795
