1010
958
960
959
958
958
960
961
960
961
1006
1044
960
958
960
960
959
959
958
959
959
961
960
960
978
958
960
962
960
961
960
960
958
964
959
961
959
961
1003
958
960
959
960
959
959
962
961
959
957
959
961
959
961
962
960
960
938
938
996
935
937
937
938
936
1105
938
938
938
976
1077
937
1466
1065
936
967
961
960
962
961
1014
1101
990
959
960
962
962
962
959
960
959
960
959
960
961
938
937
939
939
936
937
937
938
937
936
937
937
937
938
940
937
1073
1129
938
959
959
959
962
959
963
959
960
962
959
959
961
974
958
959
958
961
960
959
961
958
1004
959
959
963
960
960
960
960
960
965
961
961
960
961
960
959
960
966
937
937
938
937
937
937
935
938
937
939
938
1002
1025
937
938
939
937
936
960
959
959
958
1052
961
960
959
958
960
959
959
958
959
958
962
963
960
960
962
961
960
960
960
962
961
1008
960
1094
993
959
960
959
960
959
961
960
1018
959
961
1009
962
961
962
1002
960
1018
1157
1193
1229
1269
1270
1195
1158
1123
1095
1104
1006
960
960
958
959
971
960
958
959
961
959
959
959
959
959
958
962
1034
965
958
959
960
959
959
959
960
959
959
959
961
961
960
962
958
958
959
1030
959
959
961
960
959
964
960
958
961
960
959
961
962
960
962
960
959
959
966
958
959
959
959
963
961
961
962
960
960
962
960
958
959
960
959
960
959
961
958
958
958
960
959
961
959
961
960
959
960
958
959
960
958
1074
959
961
936
938
987
937
936
936
940
937
938
937
937
937
938
937
937
935
936
937
936
937
938
937
937
937
935
939
936
937
938
937
936
936
938
936
938
937
939
938
938
961
959
960
958
958
959
960
961
958
960
960
961
961
960
959
959
959
958
960
959
963
959
960
962
961
960
961
963
960
960
960
960
1786
1285
1076
960
962
937
936
936
937
937
936
938
936
937
936
937
937
982
937
938
937
937
938
937
936
937
940
937
937
937
938
937
937
939
1016
937
936
937
937
939
937
937
936
936
937
937
936
936
936
938
995
937
938
936
938
936
1006
1038
936
937
1024
938
937
960
957
960
959
958
961
961
960
1017
959
959
963
1009
958
961
959
962
959
964
959
959
959
960
960
959
998
963
958
959
959
960
1026
1004
962
1003
1120
960
959
959
960
1000
958
959
959
959
959
1049
959
959
962
958
961
960
960
959
958
960
961
960
959
1057
960
960
960
1026
964
958
1010
959
961
959
959
959
962
959
976
959
958
962
959
958
960
960
959
958
1003
959
959
977
964
962
960
961
960
967
960
961
964
960
961
959
960
1092
1021
960
1008
959
1189
962
964
978
961
959
984
982
984
983
984
984
985
991
984
985
984
983
984
981
986
988
983
984
983
961
960
961
962
962
959
1179
998
959
960
961
965
961
960
959
960
963
960
961
958
999
959
959
959
961
960
959
959
959
959
959
961
960
966
959
960
961
959
960
961
960
961
960
958
1053
962
959
959
959
962
963
959
960
960
960
960
962
960
961
960
961
963
958
959
962
960
1004
960
959
959
957
962
962
959
961
958
960
959
959
959
958
959
959
959
959
962
960
958
961
959
960
959
959
961
960
936
936
982
938
937
937
937
936
936
935
937
983
936
935
941
940
1392
937
938
959
958
959
960
959
959
960
961
959
959
959
960
959
958
959
960
961
961
958
1099
961
958
1269
1094
1106
959
963
960
959
959
960
958
958
959
961
961
959
959
959
959
961
959
959
959
958
959
960
960
959
961
961
959
1273
1092
1003
960
960
959
961
962
960
962
960
959
961
961
961
960
961
961
1031
960
960
959
962
959
963
1005
958
960
959
1048
959
961
960
959
961
959
961
960
964
959
960
965
1093
959
987
959
958
964
962
960
1006
961
959
960
959
961
962
960
959
959
1269
1093
958
1022
957
958
961
958
958
960
960
959
958
961
1044
964
961
959
962
960
961
966
962
959
962
960
961
961
960
958
960
961
960
960
961
961
960
960
960
960
961
961
959
959
960
959
958
963
959
962
958
962
959
1068
1094
959
1123
960
958
960
963
961
962
962
960
962
960
962
962
959
961
961
959
960
958
959
958
971
936
936
938
936
936
937
937
937
940
937
938
936
937
936
938
937
937
936
937
959
960
960
959
961
960
959
960
959
958
963
959
1401
958
959
961
961
958
961
959
960
1009
959
961
959
960
959
960
960
958
1019
961
959
961
962
958
961
960
1084
1094
961
1016
960
961
1024
961
959
961
960
959
958
960
960
959
958
960
962
965
959
959
959
959
959
959
958
958
1010
962
960
960
960
958
961
958
959
959
960
960
959
959
963
961
959
959
960
959
961
961
959
959
957
