1151
1150
1160
1154
1151
1152
1155
1152
1156
1154
1150
1153
1154
1152
1195
1193
1154
1152
1151
1151
1153
1152
1157
1154
1151
1153
1152
1152
1150
1152
1153
1153
1197
1151
1154
1154
1150
1153
1152
1200
1293
1312
1208
1191
1150
1151
1154
1151
1151
1150
1150
1187
1152
1149
1152
1152
1152
1153
1151
1151
1157
1153
1151
1152
1152
1149
1150
1153
1150
1151
1153
1152
1154
1151
1199
1151
1154
1199
1149
1151
1153
1154
1152
1150
1151
1153
1153
1155
1152
1152
1152
1151
1153
1157
1206
1152
1155
1152
1152
1152
1151
1277
1387
1240
1155
1151
1152
1152
1154
1157
1153
1151
1155
1154
1150
1150
1151
1154
1153
1152
1154
1154
1150
1152
1152
1152
1153
1152
1151
1151
1151
1152
1151
1152
1151
1155
1152
1152
1154
1152
1207
1152
1154
1149
1152
1152
1149
1153
1152
1149
1151
1151
1150
1150
1153
1150
1150
1153
1155
1150
1124
1123
1192
1123
1124
1127
1125
1126
1126
1124
1182
1181
1125
1123
1124
1123
1125
1130
1152
1152
1153
1155
1151
1151
1152
1213
1165
1161
1153
1353
1155
1323
1278
1152
1154
1152
1151
1312
1152
1152
1152
1150
1152
1225
1152
1150
1152
1153
1153
1151
1155
1150
1153
1153
1153
1152
1156
1152
1153
1155
1151
1183
1153
1150
1150
1151
1154
1154
1152
1152
1153
1152
1154
1152
1153
1150
1151
1152
1151
1155
1151
1154
1153
1153
1153
1152
1153
1153
1152
1154
1151
1150
1152
1153
1151
1153
1151
1152
1196
1152
1156
1151
1212
1152
1154
1152
1149
1155
1153
1153
1154
1153
1151
1150
1152
1152
1154
1152
1154
1153
1156
1154
1149
1162
1150
1152
1150
1150
1151
1150
1153
1153
1155
1150
1154
1153
1153
1151
1152
1152
1212
1152
1156
1154
1152
1153
1152
1152
1157
1149
1154
1201
1154
1153
1150
1154
1151
1208
1152
1153
1153
1152
1151
1155
1153
1149
1153
1149
1152
1150
1154
1151
1151
1154
1150
1152
1152
1152
1151
1155
1152
1151
1151
1152
1152
1150
1146
1150
1153
1155
1158
1153
1152
1150
1266
1126
1127
1124
1126
1123
1123
1124
1189
1126
1164
1155
1225
1123
1293
1125
1125
1149
1153
1437
1150
1151
1151
1151
1153
1151
1153
1152
1153
1152
1149
1155
1154
1152
1154
1151
1151
1152
1150
1151
1151
1149
1155
1151
1150
1152
1153
1152
1154
1154
1153
1153
1153
1152
1153
1151
1148
1151
1151
1152
1154
1154
1152
1155
1152
1199
1151
1151
1153
1154
1152
1152
1194
1151
1152
1153
1153
1151
1150
1150
1151
1152
1152
1152
1150
1151
1151
1152
1154
1152
1153
1153
1152
1151
1151
1150
1153
1199
1154
1151
1154
1152
1154
1154
1150
1153
1149
1151
1152
1151
1152
1150
1151
1151
1153
1152
1195
1152
1151
1149
1156
1153
1151
1151
1152
1155
1154
1153
1150
1151
1153
1154
1155
1152
1154
1153
1150
1153
1150
1154
1152
1151
1153
1151
1153
1151
1155
1156
1154
1152
1152
1151
1155
1152
1151
1153
1152
1152
1151
1149
1198
1153
1157
1151
1153
1151
1152
1152
1153
1155
1151
1153
1153
1151
1153
1153
1125
1126
1124
1123
1125
1124
1124
1126
1122
1125
1124
1123
1123
1126
1126
1124
1331
1122
1151
1154
1154
1240
1256
1155
1150
1153
1150
1150
1153
1152
1150
1150
1149
1152
1149
1149
1154
1152
1151
1151
1150
1152
1152
1152
1153
1154
1600
1153
1152
1150
1151
1149
1149
1152
1455
1247
1245
1258
1199
1150
1197
1152
1155
1152
1246
1152
1236
1152
1247
1151
1228
1230
1202
1153
1193
1151
1667
1458
1188
1152
1153
1152
1154
1152
1152
1153
1151
1158
1253
1329
1226
1152
1155
1153
1150
1151
1151
1153
1152
1154
1155
1152
1156
1152
1153
1149
1152
1220
1151
1153
1150
1151
1155
1151
1151
1152
1151
1155
1231
1185
1152
1149
1152
1153
1149
1154
1151
1152
1151
1153
1152
1153
1151
1153
1153
1154
1153
1152
1152
1151
1151
1156
1154
1153
1154
1237
1153
1152
1154
1153
1150
1151
1157
1155
1154
1152
1152
1151
1158
1152
1201
1159
1150
1152
1154
1153
1152
1152
1152
1197
1155
1153
1153
1152
1152
1151
1151
1154
1158
1151
1153
1151
1151
1309
1155
1152
1280
1154
1313
1152
1151
1151
1152
1152
1152
1270
1390
1214
1153
1196
1152
1242
1154
1196
1306
1181
1179
1187
1182
1183
1184
1182
1180
1182
1180
1181
1180
1186
1181
1183
1182
1183
1180
1227
1125
1127
1173
1123
1127
1123
1124
1124
1126
1126
1125
1125
1127
1125
1126
1181
1123
1124
1122
1125
1212
1125
1125
1124
1561
1217
1210
1156
1615
1124
1123
1767
1129
1183
1182
1182
1182
1181
1181
1183
1180
1184
1183
1181
1184
1207
1181
1183
1180
1221
1152
1196
1200
1193
1151
1262
1151
1197
1156
1191
1150
1299
1149
1149
1152
1196
1152
1199
1154
1155
1150
1200
1153
1247
1151
1191
1152
1203
1352
1153
1154
1153
1151
1238
1154
1178
1182
1185
1180
1206
1181
1180
1182
1187
1180
1183
1178
1183
1180
1176
1180
1183
1152
1199
1155
1204
1151
1203
1151
1200
1153
1197
1153
1202
1152
1196
1154
1260
1154
1197
1125
1126
1127
1124
1125
1123
1131
1350
1121
1124
1216
1128
1125
1123
1124
1125
1127
1151
1152
1152
1196
1380
1153
1151
1151
1152
1154
1152
1153
1246
1155
1193
1162
1152
1151
1150
1197
1154
1153
1174
1154
1150
1152
1154
1154
1190
1154
1152
1434
1153
1158
1150
1152
1149
1151
1155
1153
1154
1152
1149
1151
1151
1684
1530
1241
1202
1151
1239
1165
1190
1124
1124
1124
1125
1124
1242
1124
1526
1265
1152
1125
1123
1306
1210
1125
1151
1153
1152
1200
1153
1199
1153
1199
1152
1192
1242
1152
1152
1262
1152
1242
1154
1195
1154
1154
1153
1197
1155
1203
1154
1197
1152
1199
1148
1196
1152
1193
1152
1292
1151
1195
1149
1256
1151
1201
1150
