1390
1309
1310
1312
1313
1310
1477
1309
1312
1309
1354
1310
1313
1312
1391
1309
1356
1309
1358
1309
1362
1354
1309
1313
1309
1466
1395
1317
1360
1278
1420
1279
1395
1279
1389
1278
1329
1280
1380
1282
1400
1278
1452
1279
1358
1309
1354
1309
1361
1311
1311
1386
1312
1312
1429
1655
1430
1394
1369
1311
1309
1362
1310
1310
1317
1400
1309
1395
1313
1359
1309
1309
1309
1311
1318
1310
1310
1351
1358
1310
1311
1311
1311
1352
1310
1309
1311
1310
1311
1545
1521
1415
1381
1345
1343
1342
1342
1344
1342
1342
1345
1342
1343
1343
1348
1346
1342
1344
1312
1309
1360
1312
1310
1309
1310
1309
1360
1310
1311
1309
1396
1310
1309
1309
1387
1310
1309
1311
1415
1310
1463
1418
1310
1309
1443
1394
1500
1685
1312
1309
1350
1342
1345
1342
1341
1343
1343
1342
1342
1343
1343
1342
1343
1343
1343
1345
1310
1311
1309
1310
1310
2596
1394
1413
1390
1346
1351
1311
1309
1336
1310
1309
1309
1311
1357
1310
1533
1357
1311
1309
1310
1309
1308
1309
1310
1310
1310
1348
1344
1342
1377
1343
1344
1343
1345
1343
1346
1342
1342
1343
1342
1343
1343
1326
1310
1356
1309
1309
1309
1311
1309
1310
1308
1358
1348
1320
1339
1310
1309
1387
1312
1351
1312
1310
1311
1405
1309
1363
1309
1407
1310
1398
1309
1657
1310
1311
1311
1358
1310
1361
1310
1315
1401
1313
1335
1351
1310
1310
1310
1311
1310
1311
1310
1352
1312
1314
1309
1309
1395
1309
1310
1352
1309
1310
1311
1310
1312
1312
1309
1310
1311
1310
1312
1310
1310
1310
1312
1311
1314
1309
1313
1309
1309
1310
1309
1309
1310
1310
1310
1313
1311
1310
1310
1311
1680
1311
1310
1311
1490
1417
1309
1309
1309
1310
1323
1310
1311
1310
1308
1309
1311
1310
1310
1315
1309
1310
1309
1311
1310
1309
1310
1309
1312
1309
1310
1310
1349
1311
1309
1723
1457
1313
1344
1342
1342
1342
1343
1344
1343
1355
1344
1342
1342
1341
1343
1343
1342
1342
1309
1310
1360
1351
1310
1310
1310
1309
1311
1310
1311
1309
1310
1309
1310
1309
1310
1282
1279
1278
1279
1279
1279
1280
1279
1319
1278
1281
1278
1402
1642
1347
1342
1345
1343
1343
1350
1343
1343
1342
1343
1342
1344
1342
1341
1342
1342
1341
1340
1309
1309
1311
1310
1348
1354
1310
1309
1309
1361
1309
1310
1310
1309
1310
1310
1309
1314
1312
1313
1310
1360
1433
1312
1309
1394
1310
1310
1369
1309
1311
1311
1309
1361
1317
1311
1309
1352
1310
1355
1309
1313
1311
1441
1314
1310
1309
1310
1310
1353
1310
1358
1311
1355
1311
1310
1309
1314
1310
1312
1308
1404
1310
1310
1310
1314
1311
1309
1310
1353
1356
1311
1311
1385
1308
1310
1310
1309
1309
1310
1311
1313
1310
1358
1311
1359
1309
1358
1309
1314
1312
1311
1311
1398
1309
1487
1311
1360
1309
1309
1311
1398
1310
1354
1310
1352
1310
1310
1310
1358
1310
1354
1310
1356
1351
1359
1312
1360
1309
1402
1359
1360
1309
1311
1324
1310
1309
1362
1369
1279
1279
1396
1326
1374
1364
1430
1322
1343
1282
1446
1279
1278
1411
1279
1284
1310
1310
1311
1310
1311
1400
1311
1311
1311
1312
1310
1310
1310
1310
1310
1311
1310
1309
1309
1309
1309
1310
1309
1310
1309
1310
1352
1310
1309
1311
1310
1309
1310
1279
1279
1279
1278
1279
1279
2445
1491
1309
1279
1278
1280
1324
1279
1278
1278
1311
1309
1309
1310
1310
1310
1309
1311
1310
1311
1310
1311
1309
1309
1310
1311
1309
1311
1310
1310
1310
1492
1387
1311
1311
1310
1310
1317
1309
1310
1313
1310
1310
1310
1309
1309
1310
1309
1309
1310
1310
1309
1309
1311
1311
1314
1310
1316
1310
1309
1310
1310
1309
1311
1310
1310
1309
1309
1357
1347
1310
1310
1309
1310
1310
1279
1281
1278
1279
1278
1278
1278
1280
1278
1279
1280
1279
1278
1279
1279
1278
1312
1310
1310
1310
1309
1311
1309
1309
1309
1310
1311
1310
1309
1311
1309
1311
1525
1311
1311
1310
1312
1310
1310
1310
1309
1312
1309
1309
1309
1310
1311
1309
1311
1310
1315
1310
1310
1371
1311
1402
1309
1358
1357
1356
1310
1357
1312
1311
1309
1356
1311
1526
1424
1544
1393
1319
1410
1313
1310
1309
1311
1361
1309
1405
1308
2149
1491
1309
1309
1374
1311
1310
1319
1358
1315
1311
1310
1310
1310
1312
1309
1310
1310
1312
1310
1315
1310
1311
1310
1316
1311
1311
1311
1323
1310
1309
1311
1319
1309
1309
1309
1333
1310
1310
1310
1363
1310
1310
1312
1309
1311
1309
1301
1278
1325
1278
1279
1278
1278
1280
1279
1278
1279
1278
1277
1277
1400
1278
1278
1310
1312
1313
1309
1309
1310
1309
1309
1312
1312
1309
1309
1311
1311
1310
1309
1306
1278
1342
1278
1278
1279
1278
1279
1279
1280
1279
1279
1278
1279
1280
1279
1278
1280
1279
1280
1278
1278
1278
1279
1280
1279
1281
1281
1278
1282
1280
1278
1278
1278
1310
1309
1309
1310
1309
1313
1309
1313
1309
1312
1311
1311
1309
1357
1310
1313
1283
1279
1279
1279
1278
1279
1280
1278
1278
1280
1279
1281
1279
1278
1280
1278
1277
1280
1278
1279
1279
1280
1278
1344
1280
1282
1278
1322
1281
1279
1278
1279
1278
1358
1310
1346
1309
1353
1310
1310
1309
1310
1311
1315
1310
1311
1310
1311
1310
1313
1278
1281
1284
1278
1279
1278
1280
1279
1278
1278
1280
1279
1278
1279
1278
1280
1309
1310
1352
1309
1311
1311
1310
1309
1311
1310
1309
1310
1309
1310
1309
1310
1310
1310
1309
1312
1309
1309
1311
1310
1309
1310
1310
1311
1311
1310
1310
1310
1310
1281
1349
1277
1278
1278
1281
1278
1280
1278
1279
1339
1278
1280
1321
1279
1278
1278
1284
1278
1278
1278
1342
1280
1278
1278
1286
1279
1278
1279
1278
1280
1278
1280
1278
