1546
1609
1544
1546
1548
1547
1547
1546
1546
1546
1547
1546
1549
1546
1546
1549
1546
1546
1548
1548
1548
1546
1546
1547
1604
2229
2058
1546
1591
1573
1583
1758
1591
1585
1586
1584
1585
1583
1584
1585
1585
1585
1658
1586
1585
1584
1585
1584
1584
1584
1583
1585
1583
1586
1584
1585
1584
1584
1584
1546
1547
1546
1547
1548
1606
1545
1551
1548
1546
1544
1549
1547
1547
1546
1652
1548
2033
1547
1548
1546
1545
1546
1625
1547
1546
1547
1548
1547
1547
1547
1649
1626
1654
1585
1586
1584
1584
1583
1586
1585
1658
1627
1585
1586
1585
1585
1585
1599
1587
1584
1593
1586
1586
1584
1587
1585
1585
1588
1584
1583
1657
1586
1692
1584
1584
1588
1585
1584
1594
1624
1586
1583
1584
1585
1585
1760
1584
1586
1586
1584
1585
1585
1584
1585
1587
1584
1587
1585
1586
1588
1584
1646
1586
1746
1584
1584
1584
1584
1584
1583
1584
1585
1584
1584
1587
1585
1585
1584
1584
1583
1583
1584
1584
1706
1622
1973
1584
1585
1584
1585
1586
1625
1657
1751
1585
1584
1584
1583
1598
1585
1628
1586
1583
1584
1583
1645
1584
1586
1883
1584
1584
1629
1642
1584
1584
1585
1588
1585
1584
1585
1587
1585
1586
1585
1590
1583
1715
1584
1584
1584
1593
1585
1546
1547
1546
1547
1548
1650
1551
1549
1546
1547
1546
1547
1546
1682
1546
1585
1584
1583
1584
1632
1585
1584
1587
1591
1734
1584
1583
1589
1586
1584
1585
1586
1585
1585
1584
1585
1585
1584
1674
1628
1583
1590
1585
1585
1584
1584
1584
1584
1584
1586
1587
1641
1585
1672
1586
1585
1638
1584
1585
1584
1583
1584
1585
1584
1584
1641
1684
1585
1585
1592
1585
1585
1585
1584
1586
1584
1584
1588
1585
1589
1584
1585
1583
1585
1585
1583
1583
1582
1583
1546
1657
1548
1548
1547
1547
1548
1550
1546
1816
1548
1547
1547
1546
1595
1583
1585
1585
1587
2042
1587
1584
1584
1781
1589
1585
1584
1688
1584
1585
1584
1584
1584
1588
1586
1584
1590
1584
1658
1587
1586
1584
1586
1585
1584
1629
1585
1594
1584
1584
1584
1958
1803
1585
1585
1584
1585
1585
1546
1548
1547
1546
1546
1547
1546
1550
1547
1634
1546
1548
1546
1547
1548
1547
1546
1547
1546
1547
1547
1546
1547
1547
1637
1549
1591
1546
1548
1547
1584
1585
1583
1584
1586
1585
1584
1583
1584
1589
1583
1650
1593
1586
1587
1585
1584
1586
1584
1585
1586
1585
1583
1643
1583
1624
1586
1686
1585
1588
1585
1584
1590
1583
1584
1584
1585
1599
1585
1584
1584
1584
1652
1591
1592
1584
1586
1583
1584
1583
1585
1584
1585
1584
1583
1585
1585
1586
1690
1585
1585
1586
1583
1586
1584
1585
1584
1585
1590
1591
1585
1587
1584
1586
1586
1584
1584
1584
1586
1583
1584
1586
1584
1635
1585
1585
1584
1647
1587
1545
1545
1546
1546
1547
1546
1546
1547
1547
1590
1545
1547
1548
1545
1547
1549
1547
1547
1546
1547
1607
1547
1547
1547
1546
1549
1546
1546
1545
1547
1547
1675
1547
1547
1547
1546
1546
1546
1545
1545
1548
1547
1601
1549
1547
1547
1586
1585
1583
1585
1585
1584
1584
1585
1586
1585
1584
1585
1585
1584
1583
1546
1547
1546
1547
1546
1545
1546
1547
1549
1591
1626
1548
1546
1551
1546
1546
1546
1547
1546
1549
1547
1622
1546
1547
1547
1546
1546
1547
1545
1546
1547
1546
1590
1551
1550
1546
1545
1550
1546
1546
1547
1548
1548
1605
1547
1548
1546
1703
1548
1552
1546
1547
1545
1546
1547
1547
1548
1547
1548
1546
1546
1549
1546
1546
1547
1550
1547
1547
1549
1548
1610
1806
1718
1549
1547
1546
1663
1664
1585
1586
1588
1584
1623
1926
1804
1584
1586
1584
1584
1585
1549
1546
1546
1547
1549
1546
1547
1604
1546
1591
1593
1546
1548
1546
1546
1546
1547
1545
1546
1545
1546
1640
1546
1549
1547
1547
1548
1548
1546
1547
1548
1547
1685
1546
1547
1546
1547
1594
1547
1546
1546
1547
1547
1633
1546
1546
1548
1545
1546
1546
1546
1547
1546
1547
1589
1674
2045
1547
1547
1547
1551
1585
1585
1584
1584
1586
1585
1583
1585
1686
1584
1588
1586
1585
1586
1584
1583
1626
1585
1630
1586
1584
1585
1584
1584
1588
1599
1585
1587
1584
1585
1585
1629
1585
1585
1589
1585
1584
1584
1584
1584
1583
1584
1585
1628
1589
1549
1616
1546
1547
1552
1546
1546
1547
1546
1554
1547
1548
1546
1548
2599
1803
1630
1548
1547
1546
1546
2599
1805
1584
1547
1652
1548
1609
1548
1549
1547
1547
1589
1545
1550
1547
1547
1546
1547
1547
1586
1547
1546
2061
1547
1546
1546
1547
1607
1832
1608
1549
1602
1546
1549
1547
1546
1548
1586
1592
1584
1668
1585
1583
1586
1585
1585
1584
1585
1584
1584
1586
1663
1584
1586
1602
1586
1587
1585
1638
1584
1583
1586
1585
1583
2159
1622
1630
1628
1625
1645
1623
1623
1626
1630
1625
1626
1624
1623
1631
1624
1625
1583
1585
1584
1586
1583
1585
1583
1585
1584
1584
1586
1584
1585
1589
1588
1546
1549
1547
1546
1548
1545
1547
1546
1621
1629
1545
1548
1546
1545
1547
1584
1586
1585
1584
1586
1584
1586
1586
1584
1704
1584
1755
1895
2066
1693
1624
1633
1625
1624
1627
1628
1626
1623
1626
1625
1628
1624
1624
1625
1585
1583
1586
1583
1584
1659
1866
1585
1586
1584
1585
1585
1663
1584
1585
1589
1585
1585
1852
1584
2103
1586
1583
1632
1583
1585
1583
1628
1586
1627
1625
1623
1628
1626
1624
1623
1625
1624
1628
1624
1623
1628
1623
1624
1547
1548
1547
1547
1672
1667
1560
1549
1605
1547
1550
1546
1546
1549
1546
1585
1583
1584
1584
1584
1587
1589
1584
1583
1586
1585
1584
1587
1585
1585
1548
1548
1548
1549
2014
1985
1546
1545
1599
1594
1589
2228
1704
1624
1626
1623
1629
1624
1624
1669
