456
456
425
454
426
426
456
453
454
427
426
426
455
426
454
455
454
453
426
453
427
455
440
427
426
426
693
454
426
454
426
500
428
428
425
432
455
455
516
458
457
427
428
426
454
454
454
426
454
429
454
458
454
424
425
455
431
453
455
454
426
454
454
427
455
456
426
455
426
454
455
476
429
425
427
456
425
455
427
454
425
426
455
453
426
459
426
454
454
426
454
426
454
454
424
454
427
454
456
425
454
425
454
425
427
454
456
426
455
428
457
455
425
429
427
427
455
426
456
428
425
427
426
455
455
439
426
427
428
426
455
426
453
453
453
429
425
455
428
427
426
453
454
425
425
471
426
425
425
426
454
427
427
455
453
455
426
454
456
459
427
445
443
417
445
443
443
415
417
442
456
444
444
415
449
445
418
445
443
455
425
426
456
427
426
427
454
428
455
466
426
426
455
456
426
431
426
427
454
427
425
455
454
429
457
454
427
455
456
455
457
426
454
425
427
428
456
428
431
426
454
455
427
426
426
454
425
427
426
454
425
426
431
454
430
454
455
454
427
456
455
454
456
456
570
426
457
454
427
454
456
453
425
455
454
437
455
454
425
426
427
462
454
463
443
414
443
416
443
415
445
443
416
443
416
444
416
443
443
416
443
457
426
425
454
425
425
453
455
426
426
425
453
453
455
456
426
456
454
454
429
426
454
454
427
453
454
454
454
426
456
428
427
454
425
428
443
443
416
443
443
417
443
417
444
443
444
417
446
444
445
415
445
426
427
425
456
428
427
457
428
454
427
454
427
425
428
455
425
454
429
426
455
453
428
427
427
454
428
454
428
453
427
454
427
454
428
454
455
613
456
427
429
428
426
426
426
455
426
425
455
426
426
454
428
427
453
428
455
425
426
426
455
427
428
511
428
426
426
425
425
426
454
455
472
426
426
429
454
455
428
455
425
453
453
428
454
454
444
415
444
415
443
443
444
443
444
416
443
487
415
443
417
445
442
443
454
425
454
425
425
455
453
427
428
454
426
453
426
427
454
426
427
454
426
455
456
454
427
455
426
455
426
428
425
426
427
428
426
454
453
454
453
426
564
563
747
516
455
425
426
453
457
429
456
455
453
426
455
426
454
454
454
453
428
453
454
426
425
454
453
454
427
415
444
443
444
443
447
443
443
415
442
415
444
443
450
415
445
417
454
427
427
454
454
425
456
428
427
427
454
473
427
426
454
425
633
474
456
453
457
454
427
427
454
458
453
426
425
434
426
454
427
426
454
426
427
453
454
452
456
597
527
427
455
456
457
458
461
446
415
445
444
416
416
444
415
445
416
443
526
443
417
443
443
418
444
427
426
428
454
434
454
426
426
455
425
455
455
564
438
456
427
431
428
455
426
454
454
454
426
426
456
454
455
454
455
458
428
425
454
417
416
520
418
418
453
680
419
443
445
416
444
504
415
445
416
444
453
431
454
426
454
455
427
425
426
426
500
455
425
453
427
459
458
415
444
443
443
443
443
415
443
446
416
444
443
416
445
418
444
418
416
429
455
428
426
455
454
430
460
425
454
425
455
426
470
427
426
425
454
427
454
428
426
455
453
453
453
456
425
425
453
426
455
453
520
425
426
453
457
425
427
455
428
455
425
426
453
455
427
455
453
454
454
454
453
428
425
426
454
454
427
425
425
425
427
427
431
495
426
418
443
447
416
444
464
443
446
443
444
416
444
514
415
416
443
446
455
454
425
480
454
483
453
478
425
472
455
455
454
455
453
454
455
444
442
418
416
415
489
555
416
420
442
443
443
443
568
450
873
576
454
428
428
426
426
428
453
454
454
455
454
425
427
454
425
454
504
426
515
455
453
426
425
454
426
455
425
456
425
454
425
454
428
454
426
426
454
453
460
433
454
427
454
426
428
426
454
425
425
425
454
425
426
437
457
425
428
460
427
426
456
425
455
427
453
426
454
425
455
426
425
513
458
453
425
455
425
455
428
455
454
455
454
425
426
427
455
455
459
463
429
426
454
454
425
454
454
454
506
428
455
426
428
529
457
426
457
456
455
454
427
428
426
426
455
427
456
454
425
443
416
442
443
427
445
416
415
444
415
416
444
416
443
444
415
417
425
454
458
425
454
426
427
427
425
453
429
425
453
427
426
454
454
454
457
427
428
456
425
455
426
428
427
426
427
453
426
453
426
453
445
443
443
445
443
444
444
415
417
443
519
415
415
443
417
444
443
415
444
417
443
443
417
443
445
416
444
443
444
445
660
443
446
442
445
452
425
470
