56
57
56
56
57
56
56
57
56
55
56
58
56
56
58
56
56
56
56
56
56
56
57
57
57
58
56
56
56
56
56
56
56
57
56
56
56
57
57
56
57
56
57
56
57
56
56
56
56
56
56
56
56
57
57
58
56
56
56
57
57
57
56
56
57
56
57
56
56
56
56
56
56
56
56
56
56
56
56
57
56
56
57
57
56
57
57
56
56
56
56
57
56
56
56
56
56
56
56
57
56
57
56
56
56
57
57
56
56
56
56
57
56
56
56
56
56
56
57
56
56
56
56
57
56
56
57
57
56
56
56
57
56
56
57
57
56
56
57
56
56
57
56
56
56
56
56
57
56
58
56
57
56
56
56
56
56
56
56
56
56
56
56
57
56
58
56
56
56
56
56
56
57
57
56
57
56
56
56
57
56
56
57
56
57
56
56
56
57
56
56
56
56
56
56
56
57
56
56
56
57
56
56
56
56
55
56
56
56
55
56
57
56
58
57
56
57
56
57
56
58
56
56
56
56
56
56
56
56
56
56
56
56
98
71
57
99
56
57
56
56
56
102
56
57
56
56
58
61
57
58
59
57
57
58
57
57
57
57
92
58
59
64
58
57
58
60
57
58
58
58
115
64
63
58
58
58
58
58
58
56
56
56
56
57
56
57
56
56
57
56
57
56
57
56
56
56
56
56
56
56
56
56
56
55
56
56
56
57
70
56
55
56
58
57
58
58
59
58
57
60
58
58
57
57
57
57
57
58
57
58
59
57
57
60
57
58
59
57
58
57
57
58
58
58
59
57
56
56
56
56
57
56
57
56
57
57
57
57
56
56
57
57
56
56
59
56
56
56
56
57
56
56
57
56
66
57
56
56
57
56
71
56
56
57
56
56
57
56
56
56
56
78
83
57
56
56
56
57
57
57
56
56
56
56
56
56
78
58
56
56
56
57
57
58
57
57
58
58
58
57
58
57
59
58
58
57
58
58
59
58
58
60
58
58
57
58
58
57
57
58
57
58
58
57
58
55
58
58
56
56
55
57
57
56
57
56
56
57
56
56
56
56
56
56
56
56
56
57
57
56
57
57
55
57
56
56
57
56
56
57
57
57
56
56
58
56
56
57
56
56
137
70
57
93
58
56
56
57
57
56
57
56
56
56
57
92
56
56
56
58
58
58
57
57
57
58
58
58
57
58
59
58
58
57
57
58
60
57
58
57
58
57
58
58
57
57
57
59
58
58
58
57
57
57
58
57
58
58
58
58
57
57
58
59
58
59
58
58
58
57
57
58
58
58
58
57
58
58
57
57
58
58
58
57
57
58
58
58
58
57
58
59
57
57
58
58
57
58
57
58
58
57
57
58
57
58
58
58
57
57
58
57
57
58
57
57
57
57
57
57
57
57
57
57
58
58
57
57
57
57
58
59
59
57
57
57
58
57
57
58
57
58
58
57
58
58
58
92
58
57
58
58
58
57
58
58
57
58
58
58
58
57
57
58
57
57
57
58
57
59
58
57
57
59
57
58
57
58
57
58
58
57
57
57
58
58
56
56
56
56
57
56
57
56
56
92
56
56
56
56
56
56
57
56
56
56
56
59
57
56
56
56
104
57
103
103
57
58
58
58
58
58
58
58
58
57
58
57
59
57
58
57
58
57
58
58
58
57
58
58
57
58
57
58
57
58
57
57
58
57
57
57
57
57
58
57
58
59
57
57
57
59
58
57
58
58
58
58
57
58
58
57
58
58
57
58
57
57
57
58
58
57
58
57
58
57
58
59
58
57
58
57
57
59
60
57
58
58
58
58
58
58
58
57
58
57
57
57
58
58
58
57
57
57
67
58
58
57
58
58
58
59
57
57
57
58
57
58
58
57
58
58
57
57
58
57
57
57
58
58
58
58
59
58
58
59
58
58
58
58
58
57
58
58
57
57
57
65
58
58
57
57
58
57
58
58
59
58
57
58
57
57
57
58
57
57
57
57
58
58
60
57
59
58
59
56
56
56
56
56
56
56
56
56
57
57
56
56
56
56
56
56
56
57
56
57
57
57
56
56
57
56
55
57
56
57
56
57
57
62
56
56
57
56
56
56
56
56
56
55
57
56
56
56
56
58
56
56
56
56
56
56
56
56
57
56
57
57
56
56
56
56
56
56
56
56
56
56
56
56
57
56
56
56
56
56
56
56
57
57
56
56
56
55
56
56
56
56
56
77
56
56
57
56
57
56
56
57
56
56
57
56
56
57
56
56
57
56
56
56
56
58
56
56
56
57
57
58
56
