72
72
73
71
72
72
72
72
72
72
72
72
72
72
72
72
72
72
73
74
72
72
72
72
72
73
73
72
72
72
72
72
71
72
73
73
72
72
72
72
73
72
72
72
107
72
74
73
71
72
72
73
73
72
72
72
72
71
75
73
72
73
72
86
72
72
115
73
73
73
73
76
75
75
75
73
74
74
73
75
73
74
74
74
74
74
76
74
74
73
74
74
74
74
74
75
74
74
74
74
74
75
73
72
71
73
72
72
71
72
72
71
72
71
72
72
72
73
72
72
72
72
72
72
72
72
72
71
72
73
72
73
72
72
72
72
72
72
72
72
72
72
72
72
73
72
72
72
72
73
71
74
74
72
72
73
72
73
72
72
72
72
72
72
72
73
75
74
86
74
74
73
74
74
74
74
74
74
73
75
77
75
74
74
74
75
74
75
74
74
74
74
74
73
73
74
74
75
73
74
74
74
74
74
74
74
74
74
74
74
74
74
74
74
75
75
74
74
74
74
74
74
74
74
74
74
75
72
72
72
72
72
72
72
72
72
73
72
72
72
74
72
72
72
72
72
73
72
71
73
72
73
72
74
73
73
73
72
74
73
75
74
75
73
74
74
74
74
76
73
75
77
74
74
74
75
73
73
74
74
74
75
74
73
74
74
73
76
74
74
74
74
74
74
75
74
74
74
74
73
74
74
74
74
74
76
74
74
74
74
75
74
74
74
74
73
75
74
74
73
74
74
72
72
72
73
75
72
72
72
72
73
73
73
73
72
73
72
72
72
72
72
114
75
72
72
72
73
72
73
72
72
72
74
74
74
74
76
74
74
74
75
73
77
75
74
75
73
74
74
74
75
74
74
75
74
73
74
74
74
74
74
73
74
74
73
74
73
74
74
74
73
73
74
73
74
74
74
74
74
74
74
74
74
74
74
74
75
74
74
74
74
75
74
74
74
72
72
72
72
72
72
72
73
73
72
72
73
72
75
73
74
72
72
73
74
72
72
72
73
72
73
72
72
72
72
72
74
73
72
73
113
72
72
73
72
71
73
74
72
75
72
72
72
73
72
72
73
74
74
72
72
72
73
72
73
72
73
74
74
73
74
73
75
74
74
75
74
73
73
73
75
75
74
74
73
74
74
76
74
73
74
74
74
74
74
73
75
74
75
72
73
73
72
73
73
72
73
72
83
72
72
72
72
73
72
73
99
74
72
72
72
71
73
73
72
73
72
72
73
72
72
72
73
72
72
73
73
72
72
74
72
142
96
118
74
127
73
72
73
72
72
73
72
72
72
73
72
73
72
74
72
74
73
74
74
75
75
74
74
73
74
75
74
74
74
74
74
75
75
75
74
73
73
74
74
74
75
74
74
74
74
74
72
72
71
73
72
72
73
72
72
72
72
72
72
73
72
73
72
72
72
72
73
73
72
72
72
72
72
72
72
73
72
72
72
72
72
74
73
72
72
72
73
72
72
72
73
73
72
72
72
72
73
72
71
71
72
72
72
72
72
73
110
72
72
74
74
74
74
76
74
74
74
74
74
79
74
74
74
74
74
73
74
76
74
76
74
74
75
74
74
75
74
73
74
74
74
72
73
73
73
73
72
72
72
74
72
72
73
73
72
72
72
73
72
73
72
72
75
72
72
73
72
72
72
72
72
72
72
72
72
72
73
73
73
72
73
72
72
72
74
73
72
71
72
73
73
72
72
72
73
72
72
72
72
72
73
71
72
72
73
72
72
72
73
73
73
72
72
72
73
72
73
71
72
72
73
72
73
74
72
73
73
72
72
72
72
73
72
72
72
73
72
72
72
72
72
72
72
72
72
72
72
72
72
73
72
73
72
72
73
72
74
80
73
74
72
74
73
74
74
84
87
86
87
90
92
92
95
92
90
87
87
85
84
83
82
78
72
73
72
72
72
74
72
74
71
73
72
73
72
72
71
72
73
73
72
72
72
72
72
73
72
73
72
72
72
72
72
73
153
72
72
72
73
72
72
74
73
71
72
72
73
75
74
73
74
74
74
74
75
75
74
74
74
74
75
74
73
74
74
77
74
74
74
74
74
74
74
74
74
74
74
73
74
73
72
72
146
72
73
72
72
72
72
72
72
72
73
72
73
72
72
73
72
72
73
72
73
72
73
75
72
73
72
72
71
73
72
72
72
72
78
72
73
73
72
72
72
72
72
72
72
72
72
73
72
72
72
74
72
72
73
72
72
72
72
72
73
74
72
72
73
71
72
73
71
72
73
73
72
72
72
72
87
72
72
73
72
