93
93
93
92
94
92
93
93
92
93
92
92
93
92
93
93
93
92
93
93
200
93
93
92
92
137
92
92
93
94
93
93
93
92
93
94
93
93
92
93
92
93
92
94
93
93
92
93
93
93
92
95
92
93
92
123
105
105
112
98
93
93
92
93
93
93
92
93
93
92
93
93
93
93
93
94
92
93
92
92
92
92
92
93
93
92
93
92
92
93
92
92
92
93
92
95
92
92
93
93
92
92
92
93
92
93
92
92
93
93
94
92
92
92
92
93
93
92
92
92
93
92
92
92
93
92
94
92
93
92
93
93
92
92
93
92
93
93
92
92
93
92
92
93
92
93
93
92
92
94
92
94
93
93
92
93
93
93
92
94
92
93
94
93
93
92
93
94
93
93
92
92
93
93
92
92
93
94
92
92
92
92
92
93
93
93
93
93
92
93
93
93
92
94
92
93
93
93
92
92
93
93
92
94
93
92
93
92
94
95
93
92
92
92
94
93
93
92
94
93
94
93
92
92
93
93
93
92
92
94
93
92
92
92
92
92
95
92
93
96
93
93
94
92
93
92
93
93
93
93
93
92
94
93
92
92
93
93
95
93
92
92
93
93
93
92
92
92
92
93
93
92
93
93
92
92
93
92
92
92
92
92
92
93
92
93
93
92
93
93
93
93
93
93
91
92
92
93
93
94
92
93
93
93
92
92
92
93
93
92
93
94
92
93
93
92
92
93
92
93
92
93
93
93
92
92
92
92
92
93
93
92
93
93
93
94
93
92
93
92
92
92
92
93
93
93
92
92
94
94
93
93
92
93
93
93
93
94
93
93
92
92
93
92
93
93
92
92
93
92
93
92
93
93
92
92
92
93
92
93
92
92
92
92
92
93
93
93
92
92
94
93
92
92
92
94
93
93
93
93
93
92
93
93
93
92
92
97
92
93
93
92
94
92
93
93
93
92
93
94
93
92
93
93
93
92
93
94
92
92
92
92
92
92
94
92
93
93
133
108
92
93
93
92
92
94
93
92
93
92
92
92
93
93
93
93
93
93
93
93
97
93
91
92
94
93
93
92
95
93
92
95
94
94
93
93
92
93
92
92
92
93
94
92
93
92
93
93
94
93
92
93
92
93
92
92
92
93
92
95
93
92
92
92
92
93
93
92
92
93
92
93
92
93
93
93
92
93
93
93
92
92
93
92
92
92
93
93
92
93
93
92
92
93
92
92
93
93
92
92
93
93
93
93
93
93
93
92
92
93
92
92
92
93
93
93
92
94
93
92
93
92
94
92
92
92
92
92
93
92
92
92
92
94
93
93
92
93
93
92
93
95
93
93
92
92
94
93
92
92
94
92
94
92
93
92
93
92
92
92
95
93
92
92
92
93
93
92
94
93
93
93
92
93
92
92
93
92
93
92
93
92
92
92
92
93
92
92
121
93
92
92
93
93
92
92
92
93
92
92
92
92
92
93
94
93
93
92
92
93
92
92
92
93
93
92
92
93
92
92
92
92
92
92
92
92
92
93
93
93
93
92
92
93
93
94
93
93
92
93
93
92
93
93
92
92
93
92
92
93
93
93
92
92
92
92
92
93
93
92
93
93
92
93
94
93
93
92
92
93
93
92
92
93
93
92
92
93
93
93
92
93
92
93
92
92
92
92
93
93
93
93
93
93
96
92
92
93
92
93
92
92
92
93
93
92
92
93
93
93
92
93
93
92
92
94
93
92
93
93
93
158
93
93
93
92
93
93
93
92
92
93
92
92
93
93
95
93
92
93
93
92
92
93
94
92
92
92
93
92
93
93
93
93
92
93
92
92
94
93
93
92
92
93
92
92
92
93
92
92
92
93
94
94
93
93
92
93
92
93
93
94
92
92
93
93
93
93
92
93
93
93
92
92
92
92
94
92
93
93
92
94
93
93
92
92
92
93
92
93
92
92
93
153
122
105
92
92
92
92
94
93
93
93
93
93
92
93
93
93
92
92
93
92
92
93
92
92
93
93
93
92
92
93
92
92
92
93
92
92
93
93
94
93
92
93
92
92
92
93
93
92
190
106
107
92
92
93
93
92
93
93
92
94
93
92
92
92
92
93
93
92
92
92
93
93
92
92
92
92
92
93
93
92
93
92
92
93
92
95
135
93
92
93
92
97
92
93
92
93
93
92
92
92
93
93
92
92
93
92
93
92
93
93
92
92
93
106
93
92
92
93
95
92
93
93
93
92
93
93
92
93
93
92
92
92
92
92
94
92
92
93
93
93
93
92
92
93
92
93
