131
116
116
115
116
115
117
116
115
116
117
117
115
115
116
115
115
116
114
115
115
115
115
116
118
115
116
116
116
188
115
211
115
115
115
114
114
116
119
117
118
118
117
118
119
119
117
118
118
117
119
119
118
118
118
118
119
118
118
118
118
120
117
117
118
115
117
115
116
115
115
114
117
115
117
115
115
115
115
115
114
116
116
116
116
115
115
115
116
115
116
114
116
117
115
116
115
115
116
116
115
117
116
115
115
115
115
117
115
115
116
115
115
115
116
115
116
115
114
115
115
116
152
131
115
115
116
116
117
115
116
115
115
115
115
115
116
114
116
116
117
116
114
116
156
153
114
115
118
157
116
115
115
115
115
115
115
115
116
115
115
114
115
115
115
116
157
115
116
116
117
115
115
114
118
118
118
118
120
122
119
118
117
118
119
119
118
118
118
119
119
119
118
118
118
118
119
118
119
119
118
116
115
114
115
115
115
115
117
115
115
117
115
115
114
115
115
115
115
114
114
115
114
114
116
116
115
115
115
116
114
115
115
114
114
114
114
115
115
115
115
117
114
115
116
115
115
114
115
115
115
115
115
115
116
114
115
116
114
115
115
115
115
116
115
115
115
115
116
115
116
115
153
131
134
115
116
115
115
115
115
115
116
116
114
114
115
115
199
116
114
115
114
115
115
115
115
116
115
114
116
115
116
117
115
162
115
115
116
115
115
161
115
116
115
115
115
117
115
115
115
116
114
115
189
116
115
116
115
116
115
115
115
115
117
115
115
116
115
115
115
115
118
116
115
114
160
116
115
115
115
116
116
115
115
116
116
115
116
116
116
115
115
116
115
115
115
115
114
115
115
115
115
116
166
117
119
114
115
116
156
143
129
131
118
118
115
116
115
115
114
118
119
118
118
118
117
118
117
118
117
118
117
117
118
118
117
119
118
118
117
118
118
118
118
120
118
118
118
117
119
119
117
119
118
117
118
118
119
118
117
118
118
119
118
119
143
117
118
117
118
118
118
117
118
119
118
121
141
119
119
119
118
119
118
119
118
117
118
118
119
118
118
121
117
118
118
171
119
119
117
118
119
119
118
119
119
119
117
117
118
118
121
117
118
117
118
120
118
118
147
117
118
118
120
117
120
117
118
119
118
119
118
118
117
118
117
118
118
118
117
118
118
119
118
117
118
117
117
117
117
118
119
118
117
118
118
118
118
118
118
117
118
118
118
117
121
117
117
118
119
119
118
119
118
119
118
118
118
117
123
118
115
115
115
212
115
115
115
115
115
169
166
114
114
115
115
115
160
115
115
118
120
118
118
117
119
129
115
118
118
118
118
118
117
118
118
119
118
118
118
118
118
118
119
119
117
119
118
118
118
118
119
119
117
118
115
115
115
115
118
115
115
115
115
115
115
116
116
115
115
116
115
116
115
117
115
116
116
114
115
114
115
115
115
115
115
116
116
115
116
116
116
116
115
116
115
115
115
115
161
115
114
116
115
235
114
115
117
115
115
115
115
114
161
116
114
115
115
115
116
115
116
115
114
115
115
116
115
114
115
115
116
116
117
115
115
174
115
117
118
119
117
118
119
118
118
119
119
117
117
118
118
118
118
118
117
118
118
117
118
119
118
117
117
119
116
115
115
115
116
115
115
115
115
117
116
115
115
117
117
115
114
116
115
115
115
115
116
116
115
114
115
115
116
115
114
116
114
116
116
115
116
116
114
117
117
116
116
116
123
115
115
115
115
115
116
120
115
115
116
115
115
115
115
115
115
116
182
116
116
115
115
115
115
116
115
115
115
114
115
115
115
116
115
115
115
114
115
115
115
115
116
114
115
115
115
116
118
114
176
115
115
116
115
116
114
116
116
116
115
115
114
114
115
118
119
118
119
119
118
117
118
119
118
117
119
118
117
117
117
118
118
118
117
118
118
118
118
118
118
118
118
116
115
115
115
115
115
115
115
118
115
115
181
115
116
114
115
114
115
115
115
115
114
115
116
115
115
115
115
117
118
118
118
117
119
118
118
117
118
118
118
118
117
118
118
118
117
117
118
118
119
119
118
118
118
118
116
115
114
115
116
116
115
168
115
115
117
114
115
118
116
116
164
116
115
115
114
115
115
115
115
115
115
115
115
115
115
115
115
115
115
115
117
115
116
115
116
115
116
115
115
116
115
117
115
116
115
118
119
116
116
116
115
115
117
115
115
115
116
115
115
116
115
115
115
116
115
114
116
115
116
115
116
115
115
115
115
115
116
116
115
116
115
115
115
117
115
115
