143
143
143
142
144
142
142
143
142
144
143
142
143
143
213
143
143
143
143
143
143
144
143
143
143
143
143
143
143
143
171
143
142
142
142
142
143
142
143
141
143
143
143
142
143
142
234
143
143
143
142
143
143
143
143
143
142
142
185
143
143
143
142
143
143
142
143
143
143
143
144
144
143
143
143
142
142
141
143
161
143
143
143
188
144
144
143
143
142
167
142
185
141
142
143
142
143
143
173
143
142
142
145
200
143
141
143
208
144
142
142
144
143
142
146
147
143
146
146
146
147
147
146
146
146
145
145
146
146
146
146
146
146
147
160
147
145
146
148
146
146
148
143
144
143
144
143
142
142
143
142
143
142
144
144
143
142
142
143
143
143
144
142
143
143
143
143
142
145
143
144
143
143
142
150
141
142
143
142
143
144
143
143
144
143
144
142
143
143
192
142
143
143
143
143
143
144
143
144
143
143
143
151
142
143
145
143
143
142
143
145
146
142
143
143
143
142
143
143
143
142
143
144
142
142
142
142
142
143
142
143
143
143
143
143
143
143
144
144
142
141
142
144
143
143
147
146
151
145
146
147
147
145
146
146
146
147
148
145
146
147
146
147
146
145
145
146
146
147
148
146
142
145
142
143
143
142
144
143
143
143
143
143
143
142
143
142
142
143
144
143
213
142
143
143
143
143
144
143
142
143
143
143
143
142
143
144
142
144
143
143
142
142
142
144
143
142
142
143
142
143
143
143
142
144
142
143
143
142
145
143
142
142
142
142
143
145
143
142
142
143
143
143
142
143
143
143
143
143
144
143
144
142
148
145
143
144
146
143
147
142
143
142
142
142
144
143
143
143
143
143
144
143
142
144
142
142
142
143
142
144
144
144
143
142
143
143
142
142
143
143
142
143
142
143
144
142
143
142
142
142
142
143
144
145
143
142
144
143
143
142
144
142
142
143
143
144
142
144
143
143
142
142
143
143
144
142
142
142
142
144
144
146
143
142
142
142
143
143
142
143
143
144
142
143
142
143
143
142
144
143
211
143
143
143
143
143
144
143
143
143
142
148
142
143
142
145
144
143
143
143
142
142
144
145
142
143
143
143
143
142
143
142
143
143
143
143
143
143
143
143
143
143
142
142
142
143
144
144
143
143
143
143
143
142
147
143
149
143
143
143
143
144
143
143
143
143
144
142
143
144
143
142
145
143
143
142
144
143
142
142
143
203
144
144
142
144
143
142
142
142
143
146
143
143
142
143
142
143
143
142
143
142
143
143
142
142
143
143
143
152
144
142
142
144
143
142
143
142
143
142
143
143
142
142
144
142
142
143
143
147
144
142
142
143
143
147
143
143
144
143
142
143
143
143
143
143
143
141
143
143
144
143
143
143
144
293
189
164
142
143
171
143
143
143
142
143
142
144
143
144
142
143
164
151
150
151
154
155
144
143
143
144
142
143
144
145
143
143
142
144
143
143
144
141
142
142
143
143
142
143
144
143
143
143
144
145
142
142
143
145
142
145
144
142
143
143
142
144
146
143
144
145
186
144
143
142
143
142
142
144
142
143
143
145
144
144
142
143
142
144
143
143
143
142
144
143
142
142
142
143
143
143
143
145
143
143
142
142
145
143
143
145
142
144
143
144
142
142
143
144
143
142
143
143
143
143
143
142
143
143
143
145
142
143
144
142
142
144
143
143
143
143
143
143
144
143
143
143
143
144
143
142
143
142
143
144
142
142
143
142
143
143
143
143
142
142
143
143
143
143
143
145
142
143
142
143
143
143
143
142
187
144
142
143
142
143
144
143
143
143
143
143
143
143
144
144
144
143
143
145
143
143
142
149
142
143
141
185
143
143
141
143
143
143
143
143
143
144
142
143
143
143
142
143
144
142
143
143
143
145
143
142
144
143
143
142
143
144
142
144
143
143
158
143
143
142
142
142
142
142
143
143
150
143
143
142
142
143
142
144
144
143
142
142
144
143
143
143
143
143
143
143
143
143
143
143
142
144
144
143
143
143
143
142
143
144
143
144
143
143
142
144
182
141
142
142
143
142
143
142
143
143
142
143
143
143
142
144
144
142
143
143
143
143
143
142
143
143
143
142
144
143
143
143
142
143
143
143
142
144
141
145
143
142
142
142
143
142
143
143
141
144
142
143
142
143
143
144
142
143
144
151
144
144
143
142
143
142
142
142
142
142
143
143
142
143
142
143
143
143
142
143
142
143
142
142
145
143
144
143
143
143
142
143
143
142
142
142
143
142
142
143
143
143
143
142
142
142
142
