200
199
197
204
199
199
206
199
245
198
200
206
198
200
198
203
204
203
203
208
205
205
205
206
205
204
205
240
205
204
203
208
202
210
204
204
206
208
205
203
208
246
199
199
198
199
199
203
204
200
201
204
263
198
200
198
198
199
199
205
199
201
200
199
198
200
200
282
198
203
199
199
200
198
199
201
200
204
199
199
202
198
200
198
199
201
198
200
199
198
205
198
199
199
198
198
198
199
199
199
198
199
199
200
257
201
199
198
201
198
200
200
206
200
208
200
199
198
200
198
202
201
198
199
208
199
199
198
199
206
198
198
201
199
199
200
198
204
202
199
201
198
199
202
206
200
205
200
198
267
200
200
200
211
200
200
199
200
204
281
198
203
204
199
199
200
199
199
199
199
201
199
199
202
200
199
263
199
200
201
199
198
199
201
206
198
202
199
199
202
198
199
199
198
198
202
200
199
219
198
405
219
202
203
205
209
206
202
203
215
204
203
204
204
205
204
204
212
205
204
205
204
204
207
204
199
264
226
209
204
199
200
200
200
199
199
201
199
199
207
202
198
204
200
198
202
197
200
204
203
207
204
205
204
204
205
204
206
209
205
205
204
204
210
204
204
208
210
204
204
202
199
199
199
201
198
200
200
200
199
201
199
201
198
200
200
201
199
207
207
199
206
204
199
200
199
205
203
199
199
199
201
199
201
200
199
200
203
201
198
200
201
199
199
201
199
198
199
199
198
200
198
199
200
198
199
199
200
198
200
199
203
199
197
198
199
198
199
200
199
298
198
198
202
198
201
199
198
198
200
201
199
198
204
204
200
199
200
200
199
198
198
199
198
199
199
199
200
199
216
198
198
200
200
200
200
200
199
198
199
199
199
204
200
197
201
198
200
199
205
198
203
199
198
199
200
200
199
197
200
199
199
198
199
200
199
202
199
200
199
202
197
201
277
199
280
200
200
199
200
200
200
202
201
199
201
199
200
199
200
199
198
198
198
206
201
199
199
199
202
200
202
205
203
200
200
203
201
200
200
201
200
198
199
205
199
201
201
203
197
199
206
199
198
199
199
199
200
200
199
199
198
198
198
199
202
199
198
200
200
200
199
198
228
204
204
200
199
200
199
199
200
200
198
200
199
200
206
198
216
199
199
200
199
198
199
197
194
193
196
258
193
197
193
203
193
194
193
195
195
194
194
194
195
194
194
194
194
194
194
200
198
199
198
199
199
199
197
198
201
201
199
198
203
198
200
201
204
205
198
272
199
200
205
202
198
200
198
200
234
200
200
199
200
255
200
198
202
198
198
199
199
198
200
201
199
199
199
198
198
199
199
200
200
198
199
198
199
198
199
200
200
200
199
198
199
200
198
205
198
199
199
198
200
201
200
199
200
206
199
200
199
199
200
199
207
200
198
200
198
199
204
201
201
199
200
200
199
199
199
200
199
203
207
197
200
199
200
198
199
201
200
200
202
199
198
198
205
200
200
199
199
200
243
198
207
199
206
197
205
199
198
200
199
203
198
199
199
250
199
199
201
199
200
202
199
201
199
199
411
200
202
198
200
199
198
199
198
199
200
247
200
199
203
200
199
199
200
205
199
202
200
202
198
198
199
199
198
202
201
199
242
199
202
199
199
289
199
199
203
203
203
204
204
202
203
212
206
203
206
203
204
208
213
205
204
203
205
205
203
203
204
203
200
199
199
199
199
198
204
201
198
200
203
199
203
199
204
199
206
199
198
198
199
200
207
201
198
199
201
201
198
200
200
200
199
201
201
198
205
200
202
201
199
208
206
198
200
202
199
198
199
200
200
198
199
206
200
199
199
199
216
203
204
198
200
199
198
199
202
206
199
202
198
199
199
199
198
200
199
199
200
198
203
206
207
202
201
200
240
201
197
202
262
244
201
200
205
203
204
204
204
204
210
229
205
205
207
205
204
213
210
205
203
204
210
206
205
204
203
203
204
205
204
203
209
204
204
211
202
204
205
208
205
204
204
205
204
204
204
207
203
211
200
200
200
198
247
199
257
238
198
205
198
200
205
202
345
247
201
198
288
207
198
200
207
206
207
209
209
204
206
205
204
204
204
265
205
205
206
203
204
204
212
209
205
206
205
205
203
198
198
198
200
198
200
199
201
199
198
198
199
201
198
199
199
199
202
199
198
199
200
199
200
199
198
247
208
198
200
199
198
199
200
199
198
199
200
200
201
199
238
199
198
199
205
205
203
203
212
203
203
204
211
204
204
214
204
204
205
203
203
205
204
204
206
205
206
213
199
