241
243
242
241
239
243
239
239
238
241
242
239
312
239
241
239
242
240
241
239
240
243
239
239
239
240
241
241
240
277
240
239
243
242
241
240
245
239
362
301
240
240
242
247
249
251
246
248
250
248
247
257
245
247
247
250
247
249
253
247
246
247
247
249
248
245
249
244
245
245
247
251
245
250
248
247
247
245
248
248
245
248
245
246
251
247
245
243
240
245
240
241
240
285
242
241
239
243
241
242
239
239
240
240
241
305
247
240
248
246
246
245
250
245
245
294
247
247
247
247
245
247
244
248
251
247
248
245
247
248
242
241
242
239
240
240
240
240
239
244
241
242
243
239
246
240
245
244
241
241
241
241
239
240
243
242
241
239
240
244
240
241
243
240
238
241
239
244
239
241
295
240
247
242
248
246
247
247
247
251
248
247
248
247
248
246
247
246
246
246
246
248
246
247
250
245
242
242
244
240
245
239
240
240
243
240
243
241
242
243
243
239
239
241
240
242
242
240
242
239
243
242
242
242
243
242
239
248
239
240
241
241
239
239
240
242
240
239
241
310
239
249
243
241
242
240
241
239
242
240
251
243
242
242
241
240
242
241
240
241
241
241
345
241
262
244
239
242
240
241
244
244
325
241
241
239
240
240
240
239
242
240
240
242
239
248
247
249
247
244
247
245
248
246
246
248
245
248
251
247
245
245
248
249
245
246
248
240
239
241
243
244
241
241
285
242
242
248
241
238
242
242
241
240
241
242
242
243
287
247
250
250
252
248
247
247
249
246
249
248
247
249
247
247
245
245
244
245
249
248
245
241
239
239
241
242
239
241
244
241
239
241
244
239
244
245
239
240
241
239
239
242
246
241
240
243
438
241
241
239
241
240
240
240
239
241
244
240
239
239
242
375
241
241
240
246
246
247
253
247
245
245
247
245
248
248
249
247
247
248
248
245
247
249
247
248
249
246
242
241
239
245
239
241
241
239
242
241
241
241
241
241
241
242
242
242
241
369
274
241
240
242
242
241
241
241
248
241
242
240
240
241
242
239
241
241
243
242
239
241
241
243
240
239
242
238
241
239
243
238
243
244
242
239
241
241
240
242
239
242
239
240
241
242
240
239
240
240
241
241
239
238
242
241
238
244
239
239
285
242
241
241
240
285
241
245
248
248
256
248
246
245
248
247
245
248
246
253
249
248
248
248
248
249
249
247
248
246
239
241
241
241
241
241
240
239
239
241
244
241
241
239
241
239
241
243
240
242
238
242
239
244
239
240
242
244
242
239
287
285
239
241
242
241
243
240
240
241
239
242
241
239
248
248
244
249
245
245
247
245
253
247
249
245
246
247
248
251
247
244
246
256
248
248
249
256
242
242
241
239
238
241
241
239
244
246
239
242
244
240
243
241
241
329
241
239
239
239
245
242
242
241
241
241
390
367
246
277
267
245
242
241
240
243
243
242
240
242
245
247
245
247
246
245
249
247
248
248
248
248
248
247
246
245
245
248
245
249
246
248
242
244
241
241
239
242
242
244
240
241
242
241
241
243
241
240
276
242
240
242
240
238
242
243
242
241
242
239
238
240
319
241
240
239
250
241
239
243
242
241
241
243
239
241
242
241
240
241
241
243
243
242
240
240
242
239
241
243
239
241
334
240
241
240
241
242
243
240
241
244
331
239
243
239
243
239
240
241
243
238
238
239
240
238
241
344
282
276
246
250
248
247
249
247
247
252
248
246
245
246
249
249
244
250
245
245
245
250
247
246
251
241
240
241
240
241
239
293
240
241
241
241
239
244
243
241
239
239
239
283
241
241
241
241
239
308
239
238
243
241
283
241
243
245
244
277
239
245
240
242
239
244
285
276
242
240
241
239
241
241
239
241
240
241
238
241
241
240
240
244
241
241
300
241
240
241
240
244
240
241
242
240
240
245
240
241
247
244
240
239
296
240
242
242
242
245
239
238
239
239
245
287
241
241
241
239
240
239
244
240
243
242
241
239
242
240
239
245
241
240
241
246
241
241
241
242
243
241
240
240
243
241
240
243
240
332
241
241
240
242
256
242
242
240
242
242
284
242
239
242
240
240
240
239
240
242
241
239
241
242
239
244
240
239
239
242
240
246
242
243
242
239
242
240
240
241
241
239
239
239
245
243
240
241
240
240
239
240
246
239
241
241
240
240
240
241
241
241
242
241
239
239
239
241
241
247
241
244
241
239
240
241
242
241
288
239
239
242
241
240
239
239
243
242
242
243
244
240
241
239
242
240
239
241
240
240
240
239
239
243
