281
291
290
292
283
290
290
291
291
284
286
411
362
293
291
281
288
281
283
281
290
284
282
291
290
290
282
291
291
290
290
284
290
282
281
280
292
290
281
281
289
290
284
327
282
282
281
282
281
282
290
280
292
282
281
280
281
280
290
280
290
281
290
290
281
281
290
290
291
292
290
284
289
282
281
291
281
282
290
292
282
280
291
282
279
291
282
281
281
281
281
281
283
282
291
291
281
282
285
291
284
289
283
348
281
281
280
290
290
282
290
284
284
280
282
290
292
290
293
291
293
290
282
292
284
281
291
281
281
293
290
292
294
291
286
290
293
290
282
290
290
281
281
284
290
281
284
281
290
283
292
281
283
280
281
290
355
378
325
295
281
291
282
281
284
282
281
292
281
282
280
279
282
284
291
290
290
292
291
292
279
281
284
347
293
281
366
383
322
281
290
291
290
290
291
280
281
282
281
281
281
283
290
281
292
280
293
280
281
280
293
280
281
291
290
280
292
282
291
282
291
290
289
293
291
290
290
282
292
289
293
288
290
280
280
290
290
291
282
293
280
281
292
282
290
281
281
281
282
290
290
291
292
281
291
290
280
288
292
290
281
294
286
281
290
290
290
282
291
290
280
290
290
281
281
281
291
290
282
292
284
292
292
292
293
288
291
290
281
293
292
291
284
281
281
281
281
280
293
290
292
371
329
289
291
282
282
281
336
282
290
291
294
281
281
290
282
294
290
291
291
282
292
283
293
291
281
292
281
291
280
290
282
282
293
281
291
291
292
287
291
282
281
284
286
290
290
281
282
290
280
282
281
309
291
281
290
292
345
290
282
281
294
291
280
284
280
281
299
381
290
280
282
293
290
281
281
281
283
290
280
292
281
292
280
284
281
280
282
291
291
290
282
282
291
281
285
287
296
287
281
296
292
290
292
290
281
330
280
290
283
289
292
291
290
290
291
282
290
297
290
291
292
282
291
289
291
281
280
280
281
281
292
289
387
281
282
293
282
290
291
290
291
281
292
281
290
281
281
284
290
290
291
281
281
292
290
288
292
282
282
295
282
292
290
282
292
291
282
291
283
290
280
301
290
280
282
292
283
285
281
282
280
291
281
281
290
283
294
282
292
282
292
281
291
281
281
281
290
282
290
295
289
285
293
281
291
290
281
281
281
280
290
292
281
281
282
292
289
287
291
281
290
281
291
280
280
290
281
290
281
284
281
281
282
281
291
290
282
281
292
280
292
286
281
293
282
281
283
290
287
281
289
282
283
291
293
290
290
280
291
287
294
290
284
290
280
281
282
281
290
291
281
281
281
290
291
281
281
291
282
280
283
318
282
280
282
281
290
282
279
282
290
294
280
282
281
280
292
283
281
291
283
291
280
290
286
281
291
290
290
321
299
296
291
293
282
281
283
290
281
290
291
281
297
290
354
283
290
291
282
294
294
289
290
292
282
290
285
290
293
290
281
293
290
281
280
292
291
281
292
291
281
282
280
281
293
281
291
292
286
284
290
291
293
283
290
290
283
287
285
289
290
337
365
294
288
283
291
290
281
290
280
290
281
291
291
282
290
281
292
282
281
331
291
291
290
334
294
281
290
281
283
282
281
280
290
279
291
280
281
291
284
290
281
290
280
280
281
337
283
292
280
282
291
292
290
290
280
291
290
286
290
292
281
280
294
291
291
370
291
282
283
290
282
280
290
296
283
291
293
289
284
280
291
282
294
290
283
281
284
280
282
292
281
283
342
291
281
290
290
280
290
280
363
291
290
282
280
291
290
400
283
284
291
289
327
292
280
404
282
291
290
290
281
290
292
282
291
291
290
290
291
290
292
292
291
291
281
290
280
283
288
281
284
291
292
293
291
280
280
291
281
285
282
281
291
375
320
281
292
282
280
282
291
280
337
353
295
282
292
282
292
281
281
281
291
284
292
281
280
283
290
281
287
287
283
285
281
284
290
339
290
282
290
281
290
284
291
290
281
292
290
281
327
282
350
291
290
281
285
281
285
280
289
290
283
282
291
282
281
282
281
291
282
289
281
290
281
294
291
283
289
281
282
291
290
289
280
282
291
281
283
280
282
281
292
281
282
292
281
283
280
281
290
340
282
291
283
287
292
285
290
292
282
282
291
290
292
284
290
284
290
281
352
290
290
285
293
281
280
335
282
293
281
282
290
294
291
281
290
291
282
291
281
281
282
290
282
290
286
282
292
281
282
289
291
293
282
290
293
291
290
291
290
282
282
286
293
291
283
282
284
283
283
281
289
291
293
284
