329
329
347
349
329
338
348
328
348
410
330
348
349
347
333
348
347
329
333
330
329
329
329
330
331
337
332
349
333
329
349
330
329
329
329
347
329
399
348
328
329
348
361
331
350
329
347
329
348
348
329
349
348
349
348
349
348
328
328
349
348
349
348
348
329
330
348
348
330
349
350
341
322
323
321
339
340
321
343
344
322
342
321
321
339
339
322
432
340
349
330
341
335
348
348
332
348
330
330
348
348
330
349
328
329
347
348
350
349
330
348
329
348
331
328
348
348
349
329
349
375
331
330
349
350
349
330
348
340
339
321
339
323
323
322
321
348
321
322
340
321
323
341
340
321
321
726
460
414
348
348
329
348
329
348
328
332
350
355
349
348
348
329
348
347
329
348
332
354
329
329
408
347
348
348
329
349
329
331
330
329
330
335
330
351
350
348
329
374
329
332
350
348
350
329
332
348
329
348
347
331
332
329
350
330
348
349
328
350
348
329
347
348
329
349
330
328
329
333
330
330
348
330
330
321
341
340
321
339
339
347
321
341
339
339
322
321
322
339
339
341
322
341
322
337
330
328
329
329
330
329
542
460
377
329
348
328
331
329
348
329
347
329
348
330
329
348
328
348
347
331
349
334
352
349
329
348
328
348
349
336
350
348
349
329
351
348
348
349
330
348
349
348
348
329
347
348
329
331
331
330
330
348
347
330
334
348
347
329
330
337
347
330
329
330
350
348
330
330
329
329
350
328
349
331
348
331
349
354
348
407
328
330
349
332
347
347
349
349
349
349
322
339
324
341
321
321
324
341
381
321
321
340
322
340
340
322
322
320
321
320
321
342
321
340
344
340
366
322
321
322
341
321
321
329
341
322
322
341
321
348
349
335
330
348
348
333
348
349
348
331
329
348
357
348
332
350
349
349
348
329
330
332
348
348
348
330
401
348
349
339
349
349
334
349
331
349
348
349
349
348
333
348
348
337
329
329
347
352
331
328
349
332
348
332
330
347
329
349
349
329
329
348
331
331
348
349
329
337
349
332
348
330
329
328
329
330
349
349
330
329
329
348
330
352
331
354
348
330
331
329
349
349
331
348
329
344
348
348
330
349
348
348
349
329
329
350
330
348
328
350
348
348
349
539
416
338
338
357
337
357
357
337
338
342
357
347
358
359
338
356
337
382
357
338
338
348
348
348
348
330
347
348
348
349
351
335
328
329
348
348
329
330
336
348
322
340
340
324
341
322
385
461
396
348
340
340
340
340
321
340
340
325
322
339
348
329
329
329
350
331
329
329
329
329
348
328
328
333
329
349
356
400
380
339
347
338
340
339
339
342
339
338
347
357
339
341
337
357
356
376
342
340
337
356
357
337
435
397
339
341
358
358
356
357
339
340
357
339
344
356
336
359
358
337
356
358
357
336
357
357
339
337
357
340
357
340
343
339
337
356
357
357
357
338
357
357
340
339
337
357
339
338
357
360
357
356
342
357
357
348
348
349
374
330
331
350
596
331
331
333
329
348
329
396
331
330
330
382
364
358
360
357
338
345
359
344
340
339
336
339
338
338
357
338
339
338
339
342
360
339
338
357
358
340
338
359
357
356
337
350
338
340
375
342
338
343
358
359
337
340
336
340
357
357
356
338
337
357
357
359
338
338
360
365
349
330
358
348
348
348
331
330
349
332
349
347
493
334
332
330
383
347
348
337
357
356
356
357
356
360
337
356
357
356
337
356
337
338
337
359
339
397
372
329
362
333
349
329
329
329
349
348
328
329
329
348
348
348
329
355
330
348
349
330
329
351
329
380
332
331
339
348
330
331
330
329
348
329
330
333
357
337
344
338
337
339
543
462
396
358
337
357
338
337
357
342
338
337
349
348
348
329
331
331
330
330
329
348
331
348
329
330
334
348
330
373
348
335
349
329
328
332
331
348
338
332
336
348
349
329
329
349
331
332
329
335
549
441
406
330
329
348
349
349
334
348
348
330
330
349
337
348
329
332
348
329
348
348
432
347
329
347
426
436
329
356
329
348
329
347
349
348
330
329
348
356
342
340
360
357
338
356
357
337
358
357
337
358
357
337
357
357
337
359
328
329
332
331
348
334
511
331
337
583
387
601
397
546
554
433
420
387
410
375
385
349
348
330
330
332
331
331
348
330
329
422
332
329
348
332
329
348
329
349
349
348
332
330
514
348
330
339
358
337
357
338
357
346
359
357
338
337
358
337
357
338
339
339
357
357
368
329
353
350
331
329
330
331
331
348
330
333
329
330
329
330
348
329
336
