393
394
369
370
369
397
394
437
432
393
394
370
394
388
370
394
370
394
379
404
405
404
404
378
409
413
382
379
379
378
380
404
383
382
381
401
379
408
428
403
379
378
386
378
384
379
413
382
379
381
379
405
377
403
379
378
383
378
411
378
403
378
378
404
379
382
379
379
378
378
378
404
385
385
387
360
548
362
362
361
360
482
362
361
385
361
385
449
361
361
411
404
404
404
378
404
379
379
379
379
382
404
404
403
405
403
403
488
449
394
359
362
384
359
388
384
526
384
385
385
362
385
360
361
477
361
395
395
370
499
476
441
371
369
393
368
370
422
393
393
371
394
395
378
379
377
379
406
405
403
404
404
379
404
403
404
405
404
404
403
380
368
395
370
369
394
369
394
395
394
394
369
396
394
369
393
394
376
372
370
373
395
370
368
395
369
394
373
369
369
368
396
394
394
534
377
385
405
404
403
378
404
379
404
378
377
403
404
377
404
385
378
404
379
378
394
369
378
368
368
476
406
372
393
394
418
368
369
370
384
395
370
369
386
432
370
370
398
394
495
370
369
369
371
369
369
394
433
395
370
406
405
379
407
379
377
405
381
380
378
378
405
405
405
404
405
382
404
369
396
397
394
369
395
433
412
394
368
369
369
394
369
437
414
393
395
371
395
396
395
370
394
394
370
370
369
396
394
369
373
369
370
516
404
404
379
383
405
405
382
378
403
379
404
379
381
379
407
388
408
404
396
394
435
396
382
369
370
415
421
394
371
369
394
369
428
395
395
394
370
369
394
369
370
395
395
397
394
397
395
371
369
394
369
393
394
369
400
368
371
371
394
393
394
369
394
369
369
393
369
395
393
370
398
395
369
369
369
394
368
369
377
395
394
369
394
394
394
369
371
394
445
370
394
394
412
369
394
435
370
370
371
370
398
371
369
398
393
370
485
396
369
398
463
395
368
395
369
368
380
396
372
371
369
458
369
374
371
369
370
394
395
370
372
459
407
394
369
369
394
369
370
369
394
369
394
398
394
397
369
369
394
369
477
394
369
394
369
369
539
370
394
370
394
394
399
369
369
369
394
394
369
394
369
369
370
369
395
368
369
368
372
394
395
369
394
394
393
370
368
393
394
369
373
371
394
370
395
375
369
369
369
394
395
373
368
369
370
396
369
370
369
394
368
396
370
394
543
370
394
369
396
369
440
395
372
370
394
395
370
394
369
606
500
369
411
395
394
390
369
369
369
368
378
368
394
368
394
375
393
393
396
394
396
388
385
450
361
420
385
367
385
361
384
361
384
504
360
360
387
384
386
371
370
395
370
443
370
368
505
369
394
394
370
395
377
395
394
369
394
370
369
402
368
394
369
394
394
369
369
369
394
395
419
372
369
375
369
395
394
394
467
368
394
395
368
368
395
368
394
368
369
370
368
393
393
369
395
384
361
445
809
522
449
371
360
386
360
386
361
385
360
361
360
428
361
397
369
396
372
371
432
370
369
370
396
369
395
370
374
368
395
395
379
404
383
403
380
404
378
378
378
405
404
405
404
380
404
378
407
404
393
397
394
370
394
394
369
368
369
369
370
394
395
393
374
394
396
368
393
361
384
495
360
453
434
417
385
385
362
360
385
385
360
512
376
386
380
368
395
371
370
394
549
370
370
394
369
370
395
393
395
395
440
394
379
379
379
378
414
403
404
404
379
405
404
378
404
405
378
405
413
379
397
370
395
398
369
394
369
394
393
394
370
369
370
370
396
394
368
396
395
370
369
395
397
397
393
369
396
370
369
394
372
370
398
369
373
395
395
393
368
394
369
394
368
395
395
394
370
393
370
395
369
394
395
394
394
360
359
385
385
385
385
462
361
372
386
360
385
360
385
385
385
389
361
396
394
372
395
368
370
369
394
374
368
394
369
371
371
369
370
394
368
369
396
397
395
397
368
369
394
369
395
370
372
394
394
368
394
369
370
395
371
369
368
394
369
369
395
395
382
368
394
369
369
394
369
395
370
369
369
386
360
385
385
435
360
385
360
387
470
361
361
361
385
418
360
360
386
369
371
371
369
394
395
394
394
394
396
395
395
368
395
395
416
394
370
369
369
370
394
395
404
394
369
395
368
411
395
369
394
369
395
441
370
369
394
394
394
370
393
369
369
368
394
607
521
419
369
379
375
393
393
368
394
394
369
396
370
466
376
451
418
370
369
394
370
394
394
369
394
370
503
368
395
446
394
371
399
398
395
417
394
370
369
504
368
394
370
369
394
371
394
394
394
397
369
396
369
