562
569
548
548
543
554
551
542
552
544
552
549
547
552
547
548
554
547
551
548
548
535
545
552
551
547
542
547
551
551
548
550
591
549
550
699
552
549
552
549
553
550
553
554
551
545
549
549
554
580
551
549
544
551
552
554
551
554
551
550
550
552
545
551
552
552
549
549
544
551
551
550
555
551
551
544
550
549
551
548
551
552
552
552
553
550
549
668
549
553
553
549
550
553
549
551
549
553
551
549
553
549
545
552
553
552
549
537
551
508
549
546
551
550
549
551
550
543
550
547
550
550
646
542
550
551
551
731
550
549
547
712
636
520
548
552
549
551
551
551
551
553
550
551
552
551
553
551
546
548
546
547
549
549
539
551
547
550
552
551
549
542
548
546
547
552
549
552
550
595
550
550
552
551
657
593
551
552
551
551
552
592
551
549
551
552
550
538
548
550
547
552
550
560
552
535
551
552
544
542
547
546
554
546
547
550
544
550
548
662
552
550
546
547
625
548
625
549
551
551
553
550
542
551
546
547
553
533
544
550
553
548
552
546
600
552
551
549
552
676
623
548
553
549
547
549
546
546
535
550
538
539
543
602
551
553
552
549
547
551
545
631
548
551
549
537
552
550
547
553
549
550
552
551
549
549
551
549
547
553
548
554
553
601
552
553
550
552
547
551
549
549
549
546
551
551
551
551
545
551
549
546
552
553
554
546
553
551
546
547
552
545
549
549
547
552
544
550
549
537
538
535
535
539
532
536
537
540
540
537
614
537
538
536
534
538
532
539
537
538
538
536
534
540
538
538
539
538
538
535
534
539
536
537
541
551
550
545
546
549
550
548
536
547
549
551
549
705
551
545
557
552
547
551
548
549
551
554
553
544
549
549
551
549
551
548
551
552
550
551
551
551
547
552
540
552
550
551
551
552
549
551
673
552
545
550
550
550
549
549
553
551
545
548
548
645
549
553
549
546
547
547
551
552
548
553
551
548
549
551
552
547
547
550
549
546
549
553
550
549
551
548
552
553
552
553
550
552
547
551
551
552
550
551
553
539
537
540
540
537
534
537
533
536
537
536
535
530
533
535
537
548
550
657
579
551
550
550
546
551
590
551
638
550
549
547
552
553
543
550
553
541
552
548
552
551
547
551
568
549
551
553
574
546
550
551
551
550
552
550
547
551
549
552
542
550
548
551
552
552
552
536
532
635
539
533
537
535
520
537
536
540
535
537
522
539
540
537
550
535
550
546
551
547
552
552
554
550
550
551
551
546
552
548
563
566
564
563
560
565
563
563
562
565
567
558
565
562
563
564
565
534
536
538
536
535
536
538
538
536
535
542
749
535
540
534
539
538
550
545
545
546
548
549
550
552
547
548
550
547
552
549
552
548
551
549
549
551
550
550
534
551
549
550
550
545
551
549
554
554
566
548
551
548
546
548
549
645
609
549
552
547
557
550
727
550
543
552
547
551
547
552
552
552
543
536
548
549
552
552
546
549
547
640
555
551
551
549
550
552
551
551
906
632
627
628
576
549
543
565
553
658
547
550
547
551
550
553
571
561
584
544
575
562
547
550
549
551
549
552
553
553
548
550
545
547
548
567
548
552
548
546
550
553
549
594
550
546
552
549
551
551
679
549
627
552
552
551
550
554
551
550
547
552
551
568
551
555
723
579
599
547
550
546
547
546
551
546
682
544
549
552
543
550
551
546
552
551
548
552
552
549
551
551
551
554
597
550
548
556
552
548
646
552
551
552
552
547
549
551
553
547
550
553
550
550
571
552
565
552
547
549
556
550
540
545
552
551
551
552
548
550
552
547
554
553
551
551
544
551
551
551
549
550
547
552
552
549
544
552
552
550
552
550
548
552
562
552
603
568
580
592
550
552
552
552
544
549
554
545
552
564
571
563
566
566
563
563
549
563
565
557
561
561
562
566
562
562
552
547
551
550
552
553
549
551
553
606
550
551
552
551
549
550
549
551
541
548
549
548
549
552
540
551
552
548
554
618
548
632
551
551
654
663
549
547
551
548
550
539
546
546
549
552
554
552
551
633
569
568
564
562
567
562
567
566
561
564
565
564
566
564
563
564
549
552
543
549
551
550
548
549
551
549
550
549
550
545
550
547
551
554
550
550
548
548
550
552
547
552
550
547
534
548
548
551
546
549
545
546
547
544
554
551
550
553
549
551
545
547
553
545
554
552
552
549
554
552
596
550
589
548
547
549
549
545
552
553
547
550
547
553
549
554
549
550
545
545
552
550
552
548
545
544
552
553
553
547
538
533
