19
18
18
19
17
19
18
17
18
18
18
19
19
18
18
18
18
17
18
17
18
18
17
17
17
17
17
18
18
17
18
18
18
38
20
53
18
18
18
18
18
18
18
19
17
17
17
18
17
19
19
18
17
17
18
18
17
18
18
19
18
18
19
19
18
19
19
18
18
18
19
19
18
18
18
18
19
18
18
18
18
18
18
18
18
18
18
17
18
19
18
17
18
18
19
19
18
18
18
18
18
17
18
18
21
18
19
19
19
18
18
19
17
18
19
19
19
18
19
18
17
18
19
18
18
18
18
18
18
18
18
19
18
17
18
18
18
18
18
18
18
18
18
18
19
19
18
18
18
18
17
18
19
18
18
18
19
18
18
17
19
17
19
18
19
18
18
18
18
18
18
16
18
18
19
17
18
19
18
18
21
18
19
18
18
18
18
18
17
19
17
17
17
18
17
18
18
17
18
18
18
18
17
18
18
32
17
35
17
17
19
19
18
18
18
17
18
17
18
19
18
18
17
20
18
20
17
17
17
17
18
18
18
18
19
19
19
18
18
19
18
18
18
18
18
18
17
17
18
18
19
18
18
18
18
17
18
17
19
20
18
19
18
18
18
19
20
19
19
18
19
19
17
18
19
18
19
18
18
18
19
18
18
19
18
18
18
18
19
18
18
18
18
18
18
18
17
17
18
17
19
19
19
18
19
19
19
19
18
18
18
18
18
17
18
18
18
18
19
18
18
18
18
18
17
17
18
18
18
18
19
18
18
18
19
17
17
18
18
18
18
18
18
17
19
17
18
16
18
19
17
18
16
18
18
19
18
18
18
19
18
19
18
18
18
18
19
18
18
19
18
18
18
18
17
18
19
19
20
19
19
18
19
17
18
18
18
18
19
18
18
19
19
18
18
18
17
17
18
18
18
18
18
25
18
18
18
17
17
18
18
17
18
18
18
16
17
18
18
18
18
18
44
18
18
18
18
17
18
18
18
18
17
18
17
18
18
17
19
18
19
18
17
19
18
18
19
18
18
17
16
17
19
18
19
21
18
18
18
17
18
19
18
18
19
18
18
18
18
18
19
18
19
18
18
18
18
18
19
19
22
18
18
18
17
18
18
18
18
18
17
18
19
19
18
18
18
18
18
18
19
18
19
18
18
19
19
19
20
18
18
19
18
19
19
18
18
19
18
18
19
18
19
18
18
19
18
18
18
18
19
20
21
18
20
18
18
18
18
18
19
18
18
18
19
18
18
19
18
18
19
18
19
17
20
18
18
18
19
18
18
17
18
19
18
18
19
18
18
18
18
18
17
18
18
18
18
18
18
17
17
18
18
17
18
17
18
18
18
18
18
18
18
18
18
17
18
17
18
18
18
18
18
17
18
18
18
18
18
19
18
17
18
18
19
18
18
18
18
18
18
18
18
18
18
18
18
17
18
18
19
42
59
19
18
18
19
32
37
18
19
19
18
19
47
17
18
18
18
18
19
18
18
18
17
19
18
17
19
20
18
17
18
17
18
19
18
19
18
17
18
19
17
19
19
19
19
18
19
18
19
18
18
19
18
19
19
19
19
18
18
19
19
19
19
18
19
17
19
18
19
19
19
16
18
19
18
19
19
19
18
18
18
18
18
18
17
18
18
18
19
19
18
19
18
18
18
19
17
18
29
18
19
18
17
18
18
18
19
18
18
19
18
19
19
19
18
18
17
19
18
18
18
18
18
19
17
18
17
18
19
18
18
18
18
18
18
19
18
16
19
18
19
19
19
17
18
18
18
19
23
19
18
18
18
19
19
19
18
19
18
19
19
18
17
18
18
19
18
20
18
17
19
18
19
18
18
17
19
17
19
17
18
19
18
19
19
18
18
17
18
18
19
18
18
17
18
18
18
18
18
18
18
18
19
19
19
18
18
18
18
18
20
18
18
18
18
19
18
18
17
18
18
18
18
17
18
18
17
17
18
18
18
18
18
18
17
17
17
18
18
18
18
18
17
18
17
18
17
17
17
17
18
17
18
17
17
18
17
18
19
17
18
18
18
18
19
18
18
18
19
19
54
18
18
18
19
21
18
18
18
18
18
18
16
17
21
21
19
19
19
19
18
18
16
18
19
18
18
18
18
18
18
19
18
18
18
19
19
18
18
18
18
19
19
18
18
18
17
18
19
17
19
17
18
18
18
18
18
18
18
17
19
19
17
18
17
18
18
17
18
18
18
19
18
18
17
18
17
18
16
19
18
18
17
18
19
17
17
17
17
18
17
16
18
18
18
19
18
18
