44
44
45
46
45
44
44
44
44
45
45
44
46
44
45
44
44
44
45
44
45
44
44
44
44
44
45
46
44
45
44
45
45
44
44
44
45
45
44
44
44
44
45
44
44
44
46
44
44
45
45
45
47
44
44
44
45
45
47
44
44
44
45
44
44
46
45
44
44
44
45
44
45
45
45
44
44
44
45
44
43
44
44
44
45
45
44
45
44
44
45
46
44
44
44
44
45
44
44
45
44
44
45
44
45
45
44
44
44
45
44
45
45
44
44
45
44
44
45
45
44
44
44
45
44
44
44
44
45
44
45
44
45
45
44
45
45
44
44
45
44
44
44
44
44
44
46
44
45
43
44
45
44
44
45
44
44
46
44
44
47
45
45
44
44
44
45
44
45
45
45
44
44
44
44
44
44
44
44
44
44
45
46
44
44
44
43
44
44
44
45
44
45
44
44
44
44
44
45
46
45
44
44
44
44
44
44
45
44
44
45
44
44
44
45
45
44
45
44
44
44
44
45
45
44
44
45
44
44
44
45
44
45
44
44
45
44
44
44
44
45
44
44
44
44
44
44
44
44
44
44
44
45
44
44
45
45
44
44
44
45
45
45
44
44
44
45
44
45
44
44
44
45
44
45
45
44
44
45
44
45
44
44
45
44
44
44
44
44
44
44
45
44
45
44
44
44
44
42
45
44
44
44
44
45
45
50
45
44
44
44
44
44
45
44
44
44
44
44
44
44
45
45
44
44
45
44
44
44
45
44
44
44
44
43
45
44
44
44
44
46
44
45
45
44
44
44
45
45
44
45
50
50
44
44
45
44
45
45
43
45
44
44
45
45
45
44
44
46
44
44
46
44
45
44
44
44
44
45
45
45
44
45
45
44
44
43
45
45
45
44
45
44
43
44
44
44
44
44
44
44
44
45
45
44
45
44
44
44
46
44
45
44
45
44
44
44
44
45
44
44
45
45
44
45
44
41
44
44
44
44
44
44
44
45
44
44
45
45
44
46
44
44
44
45
44
44
44
46
44
45
44
44
44
44
45
43
44
44
44
45
44
44
45
44
44
45
45
44
45
45
45
44
44
44
44
44
45
45
45
46
44
44
45
44
44
44
45
44
44
44
45
44
44
45
45
44
44
45
44
44
44
45
44
44
44
44
46
44
44
45
44
44
44
45
44
45
44
44
43
44
44
44
45
44
45
45
44
44
44
44
44
44
44
44
44
44
45
44
46
44
45
44
40
44
44
44
44
44
45
44
44
45
44
45
44
44
44
45
45
45
46
44
44
44
44
45
44
45
44
45
44
44
45
44
44
44
45
44
45
44
44
44
44
45
45
45
44
44
45
45
44
45
44
45
44
46
44
44
45
46
44
44
48
44
44
44
44
45
44
44
44
44
44
44
74
58
56
57
56
53
53
53
54
55
54
52
53
51
52
52
52
52
52
50
46
45
44
45
44
50
49
49
48
45
44
44
44
43
45
44
44
44
44
45
44
46
45
45
46
46
46
45
46
45
46
45
45
46
46
45
45
46
45
46
46
45
46
45
47
46
45
45
45
45
45
45
45
46
45
45
47
45
45
45
45
46
45
45
45
45
45
46
47
46
45
45
45
43
45
46
45
45
46
46
45
45
46
45
45
45
45
45
45
46
45
45
46
45
46
46
46
46
45
46
41
46
45
46
45
46
45
46
45
45
45
47
46
45
47
45
46
46
46
45
45
45
45
45
45
45
45
46
46
46
45
46
46
45
45
44
45
45
45
44
44
44
45
44
44
44
45
44
44
44
44
44
46
44
45
44
44
44
46
44
44
44
44
44
44
44
44
44
44
44
44
44
44
44
44
45
44
44
44
58
45
45
45
46
46
46
45
44
44
45
45
45
44
44
46
44
46
44
45
44
44
45
44
44
45
44
44
45
44
44
45
46
47
45
45
46
45
46
46
46
45
45
46
45
46
45
45
45
45
46
45
45
45
45
45
47
45
45
45
45
45
45
45
45
45
46
46
45
44
44
44
45
44
45
44
44
44
46
44
44
44
44
45
44
43
81
68
44
46
46
44
44
44
44
44
44
43
44
43
44
44
45
42
44
44
46
46
45
45
46
41
46
45
45
45
45
45
45
45
45
45
46
45
45
45
45
45
45
45
45
45
45
46
46
45
45
45
45
45
45
46
45
45
46
44
44
44
45
45
44
44
45
44
44
45
44
44
43
44
44
45
44
44
44
46
44
45
44
44
44
44
44
44
44
45
44
44
45
44
44
45
45
45
44
45
