51
51
51
51
51
51
52
51
52
53
51
51
50
51
51
53
51
51
52
51
51
50
50
65
51
51
51
51
51
51
51
51
52
53
52
52
52
52
52
57
52
53
52
53
52
53
52
52
53
52
52
51
52
53
54
52
50
52
52
53
52
52
51
52
52
52
52
67
52
52
52
53
52
52
53
52
53
53
52
52
52
53
53
52
52
53
53
52
53
52
52
52
52
52
52
53
52
52
52
53
53
53
53
51
51
51
51
52
66
53
51
51
52
51
51
51
51
51
51
50
50
51
51
51
51
51
50
51
51
51
51
50
51
51
50
56
51
51
52
51
52
53
53
51
52
52
51
51
55
52
52
52
53
52
52
52
52
52
52
52
53
53
53
53
52
54
53
52
52
52
53
53
52
59
55
52
54
52
52
52
52
52
52
52
53
53
52
52
52
53
53
52
52
52
53
53
51
53
52
53
52
52
51
52
52
52
52
53
53
52
53
53
52
53
53
53
52
53
52
54
53
52
53
48
52
53
52
52
52
53
52
53
52
52
52
53
53
52
50
52
52
52
52
51
52
50
51
51
51
51
50
51
51
51
51
51
51
51
51
51
51
50
51
51
51
51
51
51
51
51
51
47
51
51
50
51
52
51
51
51
51
50
51
51
51
51
51
51
50
50
50
51
51
51
51
50
51
51
53
51
50
48
51
52
51
52
55
51
51
51
51
51
51
51
51
51
50
52
51
51
51
51
51
51
51
53
50
51
51
51
53
50
51
51
50
50
50
51
52
51
51
51
51
50
51
51
51
51
51
51
51
51
51
51
51
51
51
50
50
51
51
51
51
53
51
51
51
51
51
51
51
51
52
77
51
52
51
80
51
51
53
51
51
51
51
50
51
52
50
51
50
51
51
51
51
51
51
51
51
51
51
50
51
51
51
50
51
52
51
51
51
51
51
51
51
50
51
51
51
51
51
51
50
51
50
50
51
50
51
50
50
51
58
51
51
51
51
51
51
51
52
52
50
51
51
51
51
51
51
53
51
51
50
51
51
51
51
51
50
51
51
50
51
51
51
51
51
51
51
51
51
51
51
51
50
52
51
51
50
51
51
51
52
88
51
51
51
52
51
51
50
51
50
52
51
54
52
55
54
53
53
53
52
52
52
52
51
52
51
52
52
53
52
105
58
52
52
52
52
52
52
52
53
53
52
53
54
58
60
61
61
62
62
100
100
61
61
61
60
60
59
60
58
58
55
55
60
58
60
63
59
60
57
60
60
85
84
67
62
62
62
58
59
59
59
60
54
52
52
53
53
55
52
75
53
53
52
52
52
53
53
53
53
52
53
53
52
47
52
52
52
52
52
53
52
52
52
53
53
53
53
53
52
52
52
52
52
53
53
53
52
52
53
52
53
52
53
52
52
53
55
52
53
52
52
53
53
52
52
52
52
52
52
52
52
53
53
52
51
53
52
51
53
52
52
51
52
52
52
54
52
52
53
52
53
52
52
53
53
52
52
52
54
52
53
52
52
52
51
53
52
52
53
53
52
53
53
55
52
52
52
52
52
52
53
51
52
52
52
51
52
53
53
53
52
52
52
53
53
52
52
54
53
52
52
52
52
52
74
53
52
52
52
53
52
52
53
53
52
53
52
52
52
53
52
52
52
50
52
52
53
52
52
52
54
52
53
52
52
52
52
53
52
53
52
52
51
53
53
55
52
52
53
54
52
52
52
53
52
52
52
52
52
52
54
52
52
53
53
53
53
52
52
52
53
53
52
52
52
52
52
52
53
52
52
52
53
53
52
52
52
52
53
51
52
52
53
53
55
52
53
54
53
53
53
52
54
53
51
53
52
52
50
53
53
53
52
53
52
52
53
53
52
52
52
52
53
52
53
53
52
52
53
52
53
52
53
52
52
52
52
52
53
52
52
52
52
52
54
52
52
52
52
52
52
53
52
52
52
51
51
50
51
51
51
51
51
51
51
51
51
51
51
51
51
51
52
51
51
51
51
51
52
50
51
50
51
52
51
51
50
51
51
51
80
88
83
51
49
95
51
52
51
50
50
51
51
50
51
93
50
51
51
50
51
51
51
51
51
51
51
51
51
51
51
51
51
51
50
53
53
52
52
52
52
52
53
53
53
52
52
54
52
52
53
52
52
52
52
52
52
52
53
53
52
53
52
51
53
52
53
54
52
52
52
52
53
52
52
52
52
52
52
52
52
52
52
52
54
52
52
52
52
53
52
52
52
53
52
52
52
52
52
52
52
52
52
52
53
53
