70
69
68
69
69
69
69
68
68
69
68
69
69
68
69
69
68
68
69
68
69
69
69
69
69
69
70
69
69
68
69
69
70
68
70
69
69
71
116
70
70
70
69
69
69
69
69
135
69
69
70
69
68
69
69
69
69
68
70
69
70
69
104
70
69
71
71
73
72
79
71
71
70
71
70
71
70
71
71
73
69
71
71
71
70
70
71
71
71
70
70
70
71
70
70
71
71
71
78
71
71
71
71
71
71
71
70
72
71
138
71
71
71
71
70
70
70
71
70
71
71
70
70
70
71
70
71
70
71
70
72
70
70
70
70
71
71
71
71
72
71
70
71
70
70
71
70
71
69
70
70
70
71
71
71
71
70
71
71
70
69
71
70
69
68
69
69
70
69
69
70
69
69
69
68
69
69
68
68
69
68
69
69
69
69
68
69
68
69
69
69
68
69
72
69
69
71
69
69
70
71
69
69
69
69
69
69
69
69
68
79
69
69
69
71
69
69
66
69
69
69
69
69
69
69
69
69
71
71
71
71
71
70
71
71
69
71
71
71
70
71
70
71
71
71
71
70
71
71
71
71
71
72
71
71
70
71
70
70
70
70
70
70
71
70
70
73
71
70
71
71
71
70
71
71
71
71
70
71
71
71
71
70
70
70
70
70
70
70
70
68
71
71
71
70
69
69
68
69
69
68
152
68
69
69
131
69
69
69
69
69
69
68
71
69
69
68
69
69
69
68
69
69
68
69
70
69
69
70
71
69
70
71
71
70
70
70
70
70
71
72
72
71
71
71
70
71
71
71
71
73
71
70
71
71
70
71
72
71
71
71
70
72
72
71
71
70
69
70
70
70
71
71
71
72
71
71
71
70
69
72
71
71
71
69
72
70
71
70
72
71
70
72
71
71
69
69
69
69
69
69
68
68
172
69
69
69
70
93
69
68
68
69
69
68
68
69
69
68
69
71
68
69
134
69
69
69
71
70
71
71
70
70
71
73
70
70
71
70
70
71
70
71
70
71
71
71
71
71
70
71
71
71
70
72
73
70
70
71
71
71
70
69
68
69
68
68
69
68
68
71
70
69
69
68
68
69
69
69
69
69
69
69
69
68
69
70
68
69
69
68
68
68
68
69
68
68
69
69
69
69
69
68
69
68
69
69
69
69
69
71
69
70
68
69
71
69
69
69
68
69
69
68
69
112
70
68
70
69
69
69
69
68
69
70
69
68
69
69
70
69
69
69
69
69
69
69
69
69
67
67
69
68
68
68
69
69
68
69
68
68
68
69
68
70
68
68
68
68
71
69
69
69
69
69
69
69
68
68
69
69
68
69
69
68
69
68
70
68
69
69
69
68
68
68
69
68
68
71
68
69
69
69
66
69
68
69
69
68
68
69
69
71
66
69
70
69
68
71
69
126
70
69
69
70
69
69
69
71
72
73
70
71
70
71
73
70
70
71
71
71
70
70
71
71
70
70
70
71
70
71
70
68
70
71
72
70
71
72
70
71
70
71
71
70
71
70
70
70
71
70
70
70
71
70
71
71
71
69
72
71
70
71
70
71
71
71
70
70
71
70
71
70
71
70
69
69
69
69
69
69
69
70
69
69
69
69
69
69
71
69
68
69
69
69
69
69
68
68
68
68
68
69
69
69
69
68
68
68
69
69
70
69
68
69
69
77
69
69
67
68
68
69
68
69
70
69
70
69
69
69
69
69
69
68
69
68
69
69
69
70
68
69
69
68
69
68
69
68
69
70
69
69
69
71
69
69
69
69
68
131
69
70
69
69
70
72
69
69
70
69
69
68
69
69
68
69
68
68
69
69
69
70
69
69
69
69
68
68
68
69
68
69
68
69
69
67
69
69
68
69
69
70
69
69
69
69
68
69
69
68
70
69
68
68
69
68
69
69
70
69
69
68
71
68
69
69
69
69
68
69
69
69
69
69
68
69
69
69
69
70
70
68
68
70
69
68
70
70
70
69
70
69
68
68
69
69
68
69
71
68
69
70
69
69
69
68
70
69
69
69
69
69
69
68
69
68
72
72
70
71
71
70
70
71
71
71
70
70
70
71
70
71
71
71
71
69
70
71
71
71
71
70
70
71
71
71
70
71
71
70
69
69
69
69
69
69
69
69
68
69
69
69
68
69
70
68
69
70
68
69
69
69
69
69
69
69
68
68
69
69
69
68
69
68
71
68
69
70
70
70
69
69
69
69
69
69
70
69
69
69
68
69
69
69
68
69
70
70
69
69
69
69
69
69
69
68
69
69
69
