90
138
92
90
90
88
90
90
90
89
89
89
90
89
90
89
91
90
90
89
90
90
89
89
90
89
90
91
93
92
91
91
91
93
93
91
91
91
91
91
93
92
92
92
92
91
92
92
92
91
93
91
92
92
93
92
90
91
92
90
89
89
89
89
90
91
89
89
90
89
91
90
90
89
89
90
90
90
89
89
90
89
133
90
90
91
89
88
89
89
90
90
89
126
89
89
88
89
89
88
89
88
91
89
89
89
90
89
89
90
89
90
89
90
89
89
89
89
89
89
90
89
89
91
89
89
89
90
89
89
89
89
90
89
89
89
89
89
88
90
90
90
90
90
90
89
89
89
89
89
89
90
90
90
90
89
90
89
90
90
89
90
89
90
89
90
89
92
89
88
89
89
89
91
89
90
89
89
90
90
89
89
89
89
90
90
90
89
89
89
90
89
89
89
89
89
89
90
89
89
90
90
89
89
89
89
89
91
90
89
89
180
90
89
89
89
90
90
89
89
89
89
89
89
89
89
90
89
90
90
89
90
89
89
89
89
89
89
89
90
90
89
89
89
88
89
88
89
89
89
89
91
89
89
91
89
90
87
90
89
101
90
89
89
88
97
90
89
89
89
133
89
91
89
89
89
89
90
89
90
89
89
90
89
89
89
90
90
89
89
89
89
101
90
90
90
89
89
89
90
89
89
89
89
89
89
89
90
89
90
89
89
89
89
90
89
90
90
90
90
89
89
89
89
107
89
89
90
90
88
89
89
90
89
91
90
89
89
89
89
90
86
156
90
90
89
90
90
89
89
89
89
90
89
90
89
89
89
89
91
90
89
89
89
90
89
89
89
89
90
91
90
89
89
90
89
90
89
89
90
89
90
89
90
91
89
89
89
89
89
90
90
89
89
89
90
89
89
89
89
90
89
89
89
89
89
89
139
90
88
89
90
88
89
90
90
89
89
90
89
89
89
90
90
88
89
89
89
90
89
89
89
90
89
90
90
89
89
89
89
89
90
89
89
89
88
87
90
90
89
89
89
88
88
89
90
89
90
89
90
87
89
89
89
90
91
89
89
90
91
89
90
89
89
90
89
89
89
90
89
89
89
88
89
89
89
90
90
89
89
88
89
90
89
90
89
89
89
89
88
90
89
90
90
90
90
89
89
89
90
111
90
89
89
89
89
90
89
89
89
89
90
88
89
89
89
89
88
87
90
89
88
89
89
88
89
90
102
89
89
89
90
89
89
91
89
90
89
89
90
90
89
88
89
91
90
89
89
89
89
88
89
89
90
88
89
89
89
90
91
90
89
89
89
90
91
90
90
89
89
89
90
88
89
90
89
90
89
88
90
90
89
89
89
89
89
90
89
89
88
90
90
89
90
89
89
89
89
89
89
89
90
90
90
90
89
89
89
89
89
90
88
89
89
90
91
89
92
91
91
92
92
91
92
92
91
92
91
92
91
92
92
92
93
92
93
92
92
92
91
91
91
91
91
90
92
91
91
92
89
89
91
91
89
90
88
90
89
89
89
89
90
90
89
90
90
148
108
107
105
108
109
105
105
105
104
105
107
105
105
97
89
90
90
89
90
90
89
91
91
89
88
89
89
89
89
89
89
90
90
92
92
91
92
91
91
92
92
92
91
94
92
91
91
91
92
92
92
92
92
91
91
91
91
92
91
92
92
91
92
91
94
94
90
90
88
89
89
169
89
90
89
90
90
90
90
94
89
90
89
90
89
90
90
90
88
90
90
90
89
90
104
92
92
92
91
92
92
92
92
93
93
91
91
91
92
92
92
92
92
91
92
92
91
91
91
92
91
91
90
91
91
92
89
90
89
89
88
90
90
89
106
91
90
89
93
89
90
89
89
90
89
89
90
90
90
90
89
90
90
89
90
92
93
92
92
91
91
92
88
92
92
92
92
91
92
92
92
92
91
92
91
92
92
91
91
92
91
91
92
91
91
92
92
91
91
91
91
92
90
92
91
91
91
98
91
92
93
91
93
92
94
92
92
91
91
92
92
92
91
91
91
91
92
90
89
91
89
90
89
90
90
90
92
90
111
90
91
90
90
89
90
90
89
89
89
89
90
89
89
89
91
90
93
90
92
92
92
92
91
92
91
91
92
92
90
91
92
92
91
92
91
93
92
91
92
92
92
92
92
92
91
91
92
92
93
92
92
91
91
91
91
93
91
91
91
92
92
91
91
93
92
91
91
91
91
92
92
91
91
92
92
93
91
92
92
91
89
90
89
90
89
89
89
89
89
88
89
89
90
