134
115
115
116
117
115
117
158
193
118
118
116
115
118
119
118
118
117
117
117
118
119
118
118
117
147
120
117
118
117
118
118
118
118
118
116
117
118
117
118
118
118
118
117
118
119
118
119
118
120
119
119
120
118
117
118
119
120
118
118
118
118
117
118
118
117
118
118
118
117
118
131
119
118
119
118
118
117
123
116
120
118
118
117
119
117
118
119
217
118
118
119
117
119
118
118
118
119
125
119
118
117
118
117
118
118
118
117
118
176
119
119
118
118
118
119
118
119
118
119
118
118
119
119
118
119
128
135
124
118
118
119
119
119
118
118
117
118
120
117
118
118
117
119
119
118
119
119
117
118
118
118
119
118
118
117
118
118
119
117
118
119
117
117
119
118
118
118
117
117
118
120
119
117
119
118
119
119
119
117
118
118
117
118
117
118
118
118
118
119
118
118
117
118
118
118
118
118
117
118
117
119
118
120
117
118
119
114
119
118
118
118
118
117
118
119
118
115
115
115
115
115
117
118
115
115
115
115
115
114
116
114
113
115
114
114
115
164
115
116
116
115
115
115
115
115
115
115
115
115
115
116
115
115
115
114
114
115
115
192
115
116
114
115
115
115
115
116
152
115
117
115
117
115
118
118
118
118
118
118
117
118
118
119
117
117
119
117
118
118
117
117
118
118
118
119
118
118
118
117
118
117
117
119
115
115
115
115
115
114
114
116
115
115
114
115
115
115
115
115
115
114
115
114
116
114
117
115
115
115
116
117
115
115
114
115
113
115
115
115
114
115
115
115
114
115
114
115
114
115
115
116
116
115
114
115
115
116
115
115
115
115
115
115
114
115
115
115
115
115
115
115
115
114
114
115
115
115
114
115
116
115
114
115
115
114
116
116
114
115
115
115
115
116
152
115
115
115
115
115
116
115
115
115
116
115
114
115
114
115
115
114
115
115
115
114
115
116
116
114
115
114
118
115
115
115
116
115
115
115
115
115
115
115
115
115
116
115
114
115
115
116
115
115
114
115
115
115
115
115
115
115
115
119
115
114
114
115
116
115
116
117
115
115
115
115
115
115
115
114
115
115
115
113
115
116
172
114
116
114
115
114
115
115
116
115
115
115
113
114
115
114
115
115
114
114
114
114
116
114
115
114
115
114
113
115
115
115
115
116
115
117
115
115
115
113
115
115
113
115
114
115
115
114
115
115
116
115
115
115
114
115
115
115
115
116
115
114
115
115
115
117
116
114
114
115
115
115
114
114
114
115
116
116
115
115
115
115
114
116
115
115
115
115
116
114
115
116
115
114
116
115
115
115
115
115
115
114
115
114
115
115
114
115
115
116
115
115
115
115
114
115
115
116
115
114
115
115
116
115
115
116
115
115
116
115
115
115
116
114
115
114
114
115
115
115
114
114
116
115
115
131
115
116
115
115
114
115
115
114
115
115
117
115
114
115
114
117
114
115
115
116
115
115
115
115
114
115
114
115
116
115
114
116
115
115
115
116
116
115
115
116
115
115
115
116
114
114
115
114
114
114
116
115
116
115
114
114
114
116
114
116
115
115
115
115
114
114
116
114
114
115
116
117
115
115
115
113
116
113
115
116
115
115
116
116
116
115
114
114
115
115
115
115
139
115
115
115
115
116
115
114
210
115
115
115
115
115
115
114
115
116
114
115
114
114
115
115
115
115
114
115
114
115
115
116
113
114
114
115
114
114
115
115
117
115
115
115
116
115
115
115
115
115
116
115
115
115
117
115
115
116
114
116
115
114
115
115
115
117
115
115
116
115
115
115
114
115
114
115
115
115
115
116
114
115
115
114
114
115
115
114
114
115
114
115
115
114
116
115
116
115
114
115
115
115
115
115
117
115
114
115
115
116
116
116
115
115
115
116
115
115
114
115
112
116
115
114
114
116
115
115
116
115
115
116
115
114
114
114
117
115
114
115
114
115
114
115
115
113
115
115
115
114
115
114
114
116
115
115
115
115
115
115
115
114
115
114
111
114
116
114
115
116
115
112
115
115
115
115
114
115
115
115
115
114
114
116
115
115
116
115
115
114
115
114
116
114
115
118
115
114
115
115
115
114
115
114
115
116
115
116
115
116
114
115
114
115
115
115
115
116
115
115
115
116
114
115
115
115
115
114
115
116
114
116
114
114
115
115
114
114
115
115
115
114
115
115
115
115
115
115
115
115
115
115
115
116
115
115
116
124
115
114
115
117
114
115
114
114
114
114
115
115
115
114
115
115
115
114
115
115
115
116
116
115
115
116
115
115
