144
143
144
144
145
144
144
144
144
144
143
145
145
143
144
144
144
144
144
143
144
143
146
144
144
144
143
143
144
145
144
143
144
142
145
142
144
144
144
143
143
144
143
144
144
143
144
142
143
145
145
143
145
144
144
145
144
144
143
144
144
144
145
143
236
191
174
174
169
204
170
168
170
172
170
168
168
168
155
144
145
143
149
148
148
147
148
147
148
148
147
147
147
147
148
148
147
148
148
149
147
147
148
150
148
147
149
147
147
148
147
147
149
149
148
148
148
148
147
147
147
148
142
153
148
147
148
148
148
147
148
148
148
149
148
148
145
145
144
144
144
144
145
143
145
144
144
144
144
143
142
143
144
143
143
144
144
144
144
144
144
144
144
144
144
144
144
144
145
144
145
144
143
140
144
144
145
144
144
144
145
144
144
144
143
143
146
146
195
144
160
146
148
147
148
147
148
148
147
148
147
147
149
148
147
148
148
147
147
147
147
152
148
149
147
146
148
148
144
144
144
144
144
145
143
142
143
144
145
143
144
143
145
144
144
147
144
144
145
144
144
144
145
142
143
144
144
144
144
144
145
146
144
144
144
143
142
144
144
146
145
144
144
144
145
145
143
145
144
145
142
144
149
149
148
148
147
148
148
149
148
147
149
147
147
147
147
148
147
147
148
148
147
147
148
148
148
148
149
147
147
148
148
149
148
148
148
148
147
148
147
148
148
148
147
148
147
149
148
148
146
148
148
149
148
147
144
144
144
144
143
144
143
144
144
144
144
145
144
144
145
144
144
144
144
144
143
144
146
142
145
144
144
145
143
146
143
143
144
144
144
144
144
143
145
144
137
144
144
144
144
144
144
143
145
144
143
143
287
144
149
148
148
148
148
148
148
147
148
147
147
147
149
148
148
148
150
149
148
146
147
149
148
148
160
148
147
147
148
147
147
148
148
148
148
147
148
146
149
148
148
148
145
149
147
148
148
148
174
147
147
149
145
144
145
144
144
146
144
144
144
143
143
144
143
145
143
144
145
145
145
144
144
143
144
143
143
143
144
144
144
144
145
143
143
144
143
144
143
143
139
145
143
144
144
143
143
145
160
144
144
143
145
144
144
240
145
144
144
143
143
144
144
142
145
144
146
144
144
144
144
144
144
145
143
144
144
145
144
143
144
143
145
144
143
144
144
143
145
144
144
143
143
143
144
143
143
143
146
144
143
144
145
145
144
144
144
145
214
147
144
144
144
145
143
145
143
144
144
144
146
144
145
144
145
144
144
143
145
144
143
145
143
143
143
144
144
143
230
144
205
145
144
144
144
145
144
144
145
145
143
144
143
144
145
145
144
143
145
144
144
144
144
144
144
144
143
145
144
144
188
146
199
143
144
143
144
143
143
146
143
143
144
144
144
144
144
146
144
144
146
144
145
144
143
145
146
143
144
145
144
143
143
146
144
143
143
144
143
143
144
144
144
143
144
144
145
144
145
143
144
144
144
146
143
139
143
143
144
143
144
144
143
143
144
146
144
144
145
144
144
145
144
144
144
143
145
142
143
144
144
196
144
147
144
143
144
143
144
144
142
143
143
145
144
144
144
146
145
144
144
144
143
144
144
142
144
143
145
144
144
144
169
144
144
144
145
144
145
144
143
143
144
143
144
143
152
145
145
146
145
145
203
144
144
144
145
145
144
145
144
143
144
144
144
144
144
143
144
145
144
144
145
144
143
144
143
145
144
144
144
144
144
143
145
143
143
144
143
144
144
142
144
143
145
144
144
144
143
143
143
144
146
145
144
144
143
144
145
144
144
144
145
144
144
146
144
144
143
143
145
144
143
143
144
144
144
144
145
142
144
143
144
142
143
144
143
144
144
144
144
145
143
144
144
142
144
145
144
144
144
144
145
144
145
142
144
144
144
143
144
144
144
143
143
144
144
144
144
144
144
144
145
145
144
145
224
144
143
144
144
144
145
143
145
144
144
144
144
143
144
144
143
144
143
144
146
143
144
145
144
144
144
146
133
143
144
145
144
144
145
144
143
143
143
143
143
143
145
144
145
143
144
143
144
143
191
145
144
143
145
145
144
144
143
144
144
144
144
144
144
144
143
144
143
144
143
145
144
143
144
144
144
143
144
143
143
144
144
145
149
144
144
148
144
146
144
143
145
144
144
145
144
145
144
144
143
144
143
144
145
143
144
144
144
142
144
144
145
144
145
145
144
143
144
144
144
143
145
143
143
144
143
144
144
144
143
144
144
143
144
144
144
144
232
145
145
145
144
139
