180
180
178
179
178
180
179
179
198
180
176
178
178
178
178
179
180
179
248
178
178
180
179
179
180
179
178
178
179
179
180
180
180
180
178
179
179
179
178
178
178
179
178
180
180
180
178
178
179
178
179
179
179
179
179
178
178
179
182
179
179
178
180
179
180
179
225
222
223
217
210
209
209
210
210
210
199
184
184
184
185
185
184
183
184
184
181
184
184
184
184
184
183
184
182
182
182
187
183
184
183
185
183
184
185
184
184
184
183
182
178
184
182
183
184
184
182
183
183
185
185
183
187
184
183
184
184
182
184
184
182
183
184
184
186
183
183
183
184
183
183
184
183
197
183
191
183
183
184
183
175
183
184
184
184
183
183
183
184
184
183
183
185
190
184
186
183
183
183
184
184
183
183
185
185
186
184
183
185
178
184
183
183
187
185
185
184
184
183
184
182
181
186
185
184
184
185
183
183
184
183
183
183
184
184
184
184
183
182
184
183
183
184
184
184
184
183
186
183
183
183
216
184
183
183
184
183
183
184
183
184
186
183
185
184
182
184
183
183
186
183
184
183
184
183
186
184
184
182
182
184
182
183
183
183
182
183
184
183
183
237
204
183
185
183
190
183
183
184
183
185
184
183
186
183
183
183
184
183
183
184
185
182
183
186
183
183
183
184
184
183
182
183
182
183
184
185
184
183
185
183
179
177
180
179
179
178
179
179
176
179
178
178
179
179
179
179
179
178
179
178
181
179
179
179
181
180
178
179
179
181
179
244
179
179
179
180
178
179
179
180
206
179
177
179
179
179
214
179
184
184
183
183
184
183
183
181
183
184
182
185
183
183
185
184
183
184
184
184
183
184
183
184
184
183
180
179
178
179
179
178
180
180
179
179
179
179
178
178
178
179
270
186
179
179
178
179
178
179
178
179
179
179
179
179
180
180
178
179
179
357
213
179
179
179
180
179
179
179
180
180
179
179
178
178
180
180
178
178
178
179
179
179
179
179
180
179
179
181
179
222
223
178
179
180
180
180
178
179
179
178
180
180
179
179
179
179
179
180
178
178
179
179
180
178
178
178
181
179
185
180
179
179
244
179
178
178
178
178
179
180
180
180
177
178
179
178
179
179
179
178
179
179
178
178
178
179
178
179
178
179
178
181
178
179
179
181
180
178
180
179
178
178
180
179
179
179
179
178
180
178
178
179
180
217
180
178
179
180
178
178
178
178
181
180
180
178
179
179
178
178
178
179
179
179
178
179
286
178
174
179
179
179
177
180
179
179
178
179
179
179
179
179
178
179
179
179
179
179
177
179
180
179
179
179
178
180
179
239
178
179
180
178
179
179
179
179
179
179
297
238
230
223
217
233
217
218
216
216
215
215
211
209
209
199
184
184
184
183
190
183
184
184
183
183
183
183
184
184
185
184
185
183
184
187
183
185
183
184
184
184
183
183
185
183
184
184
182
183
183
183
183
185
179
179
180
179
179
180
178
178
179
179
179
178
358
218
179
180
179
180
178
178
215
179
180
178
179
184
183
183
183
185
182
182
182
183
183
185
185
185
178
185
185
183
178
184
183
183
183
178
204
217
179
180
181
178
179
180
180
179
180
183
179
178
177
178
178
180
179
179
179
179
179
236
179
181
180
179
178
187
179
179
182
179
178
179
180
180
178
180
178
180
179
179
179
180
178
179
179
179
178
179
178
178
180
179
180
182
179
178
180
178
179
176
178
178
179
178
179
222
179
178
179
179
180
178
179
184
183
183
182
182
183
184
183
183
183
184
183
183
183
183
183
184
183
184
183
183
182
183
185
183
184
179
180
178
177
179
178
179
215
268
184
180
179
177
178
179
179
178
179
178
178
179
179
179
179
180
184
185
183
184
184
186
184
183
183
183
183
184
184
183
183
184
184
184
184
183
184
182
183
183
183
179
178
178
179
178
179
180
179
178
178
179
179
178
178
179
180
179
178
177
180
177
179
179
168
178
180
181
179
178
178
178
210
178
179
181
177
179
179
181
181
179
178
199
178
180
179
180
179
178
178
183
183
183
184
183
184
184
183
183
184
183
183
183
184
183
184
184
184
183
183
183
184
183
183
183
178
179
179
179
179
179
178
178
179
179
180
178
178
179
180
179
179
180
179
180
178
178
178
199
182
180
183
183
183
184
185
183
184
183
185
182
185
183
184
183
184
183
183
184
184
183
184
183
184
185
183
182
187
183
184
184
184
184
184
184
183
185
183
184
185
185
185
185
183
183
185
183
184
183
184
183
179
179
179
178
179
