243
244
243
248
243
242
244
243
246
245
245
245
323
355
244
243
245
243
249
251
249
249
251
253
250
249
253
251
250
250
254
254
251
250
249
249
254
249
250
251
252
251
250
249
255
249
248
249
249
249
249
248
261
250
250
251
251
250
251
249
249
251
249
255
252
250
250
251
255
252
249
249
251
253
250
250
326
253
250
251
252
248
248
249
250
250
250
243
243
243
242
249
245
247
243
243
247
306
245
243
243
248
245
311
243
243
244
244
243
244
243
244
242
244
244
243
243
243
245
249
243
244
248
243
245
246
256
247
244
243
244
241
244
247
247
242
243
243
244
248
246
244
244
243
243
243
244
243
244
243
363
245
244
243
244
243
243
244
243
243
293
247
243
242
244
243
243
240
245
246
244
244
322
245
254
323
280
278
297
244
251
251
254
250
250
250
249
249
250
248
254
249
248
251
249
249
249
249
249
249
249
249
249
244
301
245
245
243
249
243
242
247
243
243
244
243
248
246
244
243
244
245
243
243
243
242
243
242
245
244
243
243
244
245
243
244
243
387
244
245
243
243
244
245
243
305
243
244
243
244
244
245
242
247
288
244
243
244
244
244
244
244
243
242
243
358
244
286
252
245
244
243
244
260
250
251
258
250
254
251
249
249
249
250
249
254
249
255
255
254
251
249
251
250
250
249
254
244
307
244
246
244
244
244
281
248
244
244
242
244
244
248
243
243
243
243
390
244
241
245
243
243
244
243
245
244
243
252
243
243
243
242
249
244
244
244
248
242
243
243
244
248
244
249
244
246
249
243
243
244
245
271
244
247
243
243
244
243
247
245
243
244
243
243
243
243
245
244
243
242
246
245
244
244
243
245
244
246
244
243
245
243
244
244
244
243
244
243
243
244
243
242
242
245
244
247
243
247
243
244
243
243
248
244
242
246
248
244
244
244
243
257
250
250
249
252
249
249
250
253
249
251
249
250
250
248
249
249
251
249
249
249
249
252
250
242
243
243
245
243
243
244
243
245
244
242
242
244
244
241
246
242
285
244
245
246
244
243
243
243
289
246
244
244
243
243
243
243
244
247
246
244
243
243
243
243
247
243
244
243
244
244
243
243
244
243
244
243
244
243
244
243
243
246
243
243
245
247
244
243
248
243
244
242
243
242
244
248
244
243
244
244
243
243
245
242
244
237
244
242
243
244
244
243
244
243
243
244
243
246
243
351
244
287
243
244
243
277
244
243
243
247
243
243
242
245
243
244
243
247
244
243
244
244
242
244
248
244
244
243
243
244
244
244
243
244
243
243
244
244
244
243
243
248
244
243
243
244
244
243
359
247
243
245
243
244
244
243
243
243
243
243
244
243
249
244
243
243
247
244
244
244
242
245
244
244
244
243
243
243
245
244
244
243
243
243
243
242
243
243
243
244
243
243
243
244
247
249
247
244
243
244
243
243
243
249
243
244
243
248
282
244
244
245
242
242
244
247
244
243
243
244
381
243
244
244
244
243
244
244
243
243
244
282
244
243
243
243
245
243
243
243
244
247
244
246
243
242
243
243
244
244
243
247
242
243
243
243
243
290
245
250
244
244
243
243
246
246
242
244
244
345
250
244
248
242
245
244
243
243
243
243
243
244
243
243
242
242
243
244
242
245
243
244
242
243
245
244
243
242
244
244
244
249
243
245
242
242
244
247
244
245
243
245
243
244
242
243
242
247
248
242
244
243
244
245
243
243
250
244
244
252
244
244
243
243
242
243
244
243
242
243
244
247
242
244
246
245
244
244
244
244
243
243
244
242
244
244
246
243
244
244
243
244
246
243
244
243
416
243
243
244
246
243
242
244
243
244
245
243
244
245
247
247
244
243
243
244
243
243
248
322
243
244
244
243
243
243
243
247
245
245
243
242
243
247
244
245
243
247
243
243
244
246
250
244
244
244
243
247
243
247
244
244
243
244
243
243
243
245
243
244
243
245
244
244
244
243
243
244
244
245
242
244
243
240
245
243
243
243
243
243
244
243
243
244
243
244
245
248
243
243
246
287
244
404
243
244
244
244
244
243
243
243
247
242
245
244
248
244
247
244
244
246
243
247
243
243
244
243
248
242
245
243
243
244
247
244
245
243
291
242
244
243
245
244
242
248
244
247
244
244
244
243
244
243
243
242
247
243
244
245
243
243
243
243
247
244
247
243
244
245
244
242
244
244
243
245
244
248
248
244
243
248
244
244
243
243
244
247
243
244
244
243
244
244
244
246
245
242
244
247
245
244
244
243
243
243
243
244
