300
299
300
294
300
300
300
300
297
299
298
298
298
300
298
296
300
300
298
299
300
300
297
299
298
298
398
350
351
354
349
353
354
351
352
350
351
331
297
308
305
303
307
308
307
307
306
305
305
306
306
307
308
308
335
309
306
306
306
306
307
307
306
306
311
305
309
305
306
305
306
308
304
306
307
312
304
306
305
306
304
307
298
299
299
299
297
347
299
298
300
305
299
297
299
298
299
302
299
298
298
299
300
300
298
301
298
382
297
343
382
300
300
297
408
298
300
300
299
297
297
296
302
302
301
304
307
306
304
306
306
310
306
305
307
306
305
305
303
306
305
336
307
307
309
306
307
298
298
297
299
300
298
298
300
298
297
299
297
300
297
297
301
298
299
298
299
298
302
299
299
435
298
297
299
298
299
298
298
300
299
300
298
299
297
299
392
300
298
300
298
298
305
299
353
345
337
462
335
302
300
299
300
299
303
299
301
297
301
299
299
305
305
308
305
306
307
305
307
303
306
305
309
306
306
306
304
307
305
305
308
306
307
297
298
298
298
300
299
300
297
298
298
298
300
298
410
303
379
300
298
298
407
300
307
305
308
306
308
309
310
306
308
309
307
306
307
307
307
308
306
308
304
306
307
308
306
304
306
306
310
306
306
305
306
307
307
306
307
307
308
305
304
307
307
307
309
315
302
298
300
298
299
297
301
299
389
299
300
300
297
300
300
301
300
297
300
299
299
305
298
301
299
339
338
298
302
298
298
298
299
298
299
297
298
300
299
300
299
297
298
371
299
299
297
297
300
300
299
300
411
401
381
373
360
364
360
408
351
349
322
310
307
306
305
306
306
305
306
309
306
306
306
304
307
306
300
301
299
299
299
300
298
298
299
298
302
299
298
298
299
299
299
299
298
300
299
297
298
300
298
471
299
300
301
299
298
300
300
299
297
298
301
302
298
300
300
299
298
306
308
308
309
307
307
308
306
305
306
305
309
305
305
307
309
307
306
306
307
306
305
343
306
307
305
304
307
316
306
304
306
304
306
306
305
307
307
304
306
307
308
306
306
300
296
365
480
409
307
298
302
368
306
298
296
298
302
298
301
300
296
298
307
306
306
307
305
308
306
308
307
307
307
307
305
314
307
307
309
304
311
311
305
306
306
307
308
307
308
307
306
308
307
311
308
580
309
307
305
307
306
314
306
305
304
307
307
305
307
306
308
307
313
308
308
305
317
309
306
305
308
320
305
305
305
307
307
298
298
299
299
299
298
339
300
301
371
299
298
299
299
441
341
318
304
319
307
307
307
307
308
310
309
305
305
304
307
307
307
310
306
307
306
307
307
308
306
304
306
305
306
307
307
309
310
305
308
329
307
306
324
307
306
308
305
306
306
308
308
307
305
304
306
305
306
306
306
311
306
307
341
307
305
307
306
307
307
306
309
307
307
305
309
307
307
307
308
307
306
307
306
306
304
308
310
305
305
306
306
310
305
307
306
308
306
305
308
308
306
305
306
308
333
305
358
308
308
306
303
306
305
306
306
306
289
298
298
302
299
300
444
375
298
335
302
300
299
299
297
299
299
299
298
298
391
306
306
306
307
306
306
306
305
305
311
306
307
306
307
304
309
310
307
306
305
303
306
299
299
299
298
299
298
298
411
345
357
300
300
299
341
301
301
301
301
299
300
308
307
306
308
305
307
306
306
307
308
306
307
305
307
306
306
306
305
306
308
307
307
300
296
296
298
298
298
297
299
300
339
299
297
299
299
298
298
301
301
298
300
300
298
298
303
298
299
299
297
299
297
299
296
299
298
299
300
298
300
298
452
298
297
297
297
302
343
298
300
297
305
429
300
298
299
298
298
298
300
298
299
300
299
300
298
299
299
304
304
307
305
305
307
306
307
306
307
307
307
306
307
306
306
307
307
307
308
308
305
297
301
297
301
297
299
299
299
393
299
299
300
299
299
302
299
301
299
300
298
299
298
299
298
298
300
299
298
348
299
301
298
298
299
299
300
301
298
299
298
298
298
297
299
299
297
300
298
298
301
299
298
298
299
297
298
297
299
298
298
299
300
299
299
297
323
309
306
306
307
308
305
306
307
309
311
306
306
306
308
306
307
303
306
306
309
311
297
299
298
415
300
298
299
297
300
298
301
300
299
299
301
298
301
298
296
299
300
358
298
302
300
300
299
299
300
298
300
299
300
300
299
301
296
342
299
298
300
297
297
300
298
297
298
299
300
300
298
300
297
298
297
298
298
296
298
298
299
300
298
298
298
299
