357
354
358
396
354
584
403
401
356
356
353
356
355
355
356
357
352
355
356
353
351
355
356
357
355
352
355
356
356
357
356
358
356
357
354
356
355
356
359
356
352
475
355
356
357
355
358
353
353
352
354
356
356
353
591
357
360
355
358
356
357
356
355
355
355
358
352
357
358
358
356
355
354
357
354
355
354
356
355
357
355
354
356
359
354
352
356
356
355
355
357
358
352
356
358
353
356
356
355
352
356
353
354
356
353
453
353
355
355
354
356
353
432
470
391
399
356
356
356
354
353
352
364
408
365
365
362
364
363
366
365
366
364
363
364
365
361
365
364
360
369
362
354
353
356
358
358
356
355
355
359
356
358
356
355
554
356
362
353
354
358
354
356
355
358
357
354
397
353
354
354
355
355
352
354
357
353
355
356
358
353
355
353
353
354
355
356
360
354
353
356
356
357
357
354
352
355
356
356
358
356
356
356
354
354
357
356
360
356
353
357
357
358
355
356
355
356
357
353
352
357
357
359
356
354
354
357
353
355
359
354
360
355
358
360
355
356
354
480
435
392
354
357
354
362
365
362
365
367
365
364
364
363
365
364
368
368
366
368
365
369
363
364
365
368
355
356
356
357
354
354
359
356
358
354
354
355
351
355
357
356
356
355
354
356
359
358
356
359
358
353
353
356
357
438
356
356
438
352
352
353
357
357
356
356
364
364
363
364
364
363
363
362
365
366
368
369
366
361
397
365
367
365
365
364
355
353
356
355
357
358
356
354
358
356
356
357
357
354
356
357
352
356
359
353
357
353
356
354
353
352
356
357
359
351
356
359
355
354
438
354
359
355
355
352
356
354
353
354
359
355
353
352
352
354
353
354
352
358
354
405
356
353
355
356
355
354
352
359
357
353
355
352
357
356
353
357
355
353
480
353
355
360
356
356
357
360
355
356
350
356
353
357
352
356
356
357
356
357
354
352
357
353
360
358
354
358
354
402
355
357
352
355
354
356
354
359
357
402
353
341
357
357
359
355
358
354
357
353
354
354
358
355
358
357
352
359
355
358
358
356
361
355
358
545
420
632
417
674
431
415
418
470
427
428
417
423
415
417
408
349
355
357
352
357
357
354
359
355
356
356
356
353
353
388
356
358
357
359
356
358
356
353
353
353
354
355
354
350
356
356
355
352
356
356
353
360
360
356
358
354
355
358
353
357
357
356
355
357
357
356
353
353
356
356
355
353
357
359
356
352
355
356
356
357
351
355
355
356
355
356
358
358
359
356
356
356
356
357
356
356
355
354
356
354
354
353
357
358
357
356
356
356
354
358
356
357
355
356
422
353
359
354
356
352
357
355
355
359
358
353
348
353
356
355
355
353
355
355
355
354
358
400
355
355
355
356
358
354
355
353
353
354
356
357
353
353
358
357
353
353
357
358
355
355
358
357
351
356
355
350
355
356
355
357
372
358
358
357
354
354
356
357
433
355
359
354
356
358
355
354
357
353
357
353
357
356
353
356
355
354
352
353
354
353
358
460
358
353
356
353
355
352
353
354
356
355
355
354
359
355
353
357
356
356
356
417
358
409
353
354
354
353
356
357
356
361
355
355
358
359
360
357
356
355
354
357
352
355
355
355
353
356
356
365
357
355
353
356
356
353
356
352
355
360
353
356
357
355
522
356
357
353
358
352
355
357
355
355
358
355
359
358
361
359
356
357
352
355
356
353
357
353
359
359
506
363
358
357
357
360
354
354
440
351
359
357
366
365
365
363
362
366
367
365
368
361
367
365
364
359
368
367
363
364
365
364
469
358
356
356
357
357
356
357
357
352
359
360
356
355
355
352
356
357
359
356
354
356
409
354
492
354
356
352
354
359
355
355
353
353
355
355
355
356
359
359
358
355
356
358
356
356
353
358
359
355
356
356
359
354
351
457
359
357
357
357
354
354
354
354
356
356
355
357
463
352
353
356
358
355
356
355
356
357
368
358
357
362
368
365
368
358
363
365
365
361
366
365
365
365
366
365
364
368
365
366
365
376
353
354
354
356
358
358
357
358
353
357
356
357
349
353
355
355
355
355
356
353
356
358
357
354
353
356
357
357
356
353
352
355
354
356
359
358
353
358
357
356
354
357
357
354
357
353
355
404
355
353
357
354
356
356
356
354
358
356
352
359
354
355
353
358
353
357
357
354
355
357
357
359
355
355
357
356
352
353
356
354
357
444
358
356
357
359
356
353
355
358
353
355
356
359
353
355
355
354
360
355
356
353
359
354
358
357
357
459
431
434
430
