493
491
498
445
418
420
422
420
459
421
421
493
422
530
419
421
422
419
422
421
422
420
431
432
432
432
431
432
431
429
432
431
429
484
431
431
432
436
430
431
432
417
408
421
421
420
419
421
420
422
421
418
420
418
421
532
423
458
422
427
430
431
427
427
432
431
432
432
431
436
433
433
430
434
433
432
429
431
423
421
477
420
421
419
424
420
421
420
421
420
420
420
422
419
420
421
422
411
410
530
411
414
421
421
414
409
410
501
420
410
411
411
597
408
458
491
500
506
421
422
421
422
420
421
420
421
424
420
420
418
421
424
421
422
422
420
420
424
423
467
505
425
451
421
420
422
421
502
623
502
422
423
482
431
432
429
430
431
432
432
431
431
432
433
430
431
429
433
429
426
430
421
418
421
421
422
422
420
422
420
418
419
420
419
419
419
420
419
420
421
418
410
412
410
506
480
447
750
411
666
534
766
940
422
414
409
413
430
431
431
432
432
429
432
429
431
432
432
431
430
432
429
433
432
432
425
488
422
420
422
419
423
423
418
419
422
422
420
422
506
424
422
420
421
434
430
434
435
434
435
431
432
431
430
431
433
430
431
431
430
432
430
431
495
420
422
421
424
421
421
422
420
421
542
420
421
420
420
417
422
420
420
421
421
422
422
422
419
422
420
421
421
418
421
421
419
421
420
420
421
422
421
418
420
425
423
421
421
420
422
419
408
421
428
420
419
420
419
421
419
419
420
419
422
419
422
420
418
422
419
422
423
421
420
420
422
419
422
421
421
418
421
462
423
418
421
419
420
419
420
422
421
421
418
421
417
420
420
419
421
500
421
421
419
419
418
420
421
420
421
421
422
421
421
421
421
420
420
419
420
421
420
421
420
421
421
421
420
479
421
420
419
486
414
420
419
419
411
408
409
410
409
409
410
409
408
412
413
409
410
409
412
411
410
411
411
410
422
420
420
424
419
554
421
423
479
422
421
420
423
424
421
432
422
421
418
432
434
431
430
430
432
429
434
428
431
431
433
431
431
430
432
432
430
430
421
419
422
421
465
449
586
419
420
421
424
421
418
420
421
420
422
422
418
418
420
423
419
419
420
420
476
563
507
423
422
421
420
421
420
422
420
423
421
422
419
421
419
423
419
423
419
419
422
422
422
421
420
420
419
419
424
419
424
421
422
419
421
422
420
420
421
419
421
420
421
419
423
422
416
423
419
420
420
418
419
419
420
419
422
421
421
419
418
422
420
418
418
419
422
421
421
423
422
421
420
420
420
416
420
421
422
422
421
420
421
420
420
421
420
410
411
410
410
409
409
412
410
412
408
412
411
412
407
409
412
411
408
411
420
418
421
421
422
422
422
424
422
419
422
420
420
418
419
418
422
420
419
420
409
408
411
408
411
413
410
409
408
410
412
411
664
413
411
411
474
409
410
420
422
420
419
419
422
422
419
420
419
422
420
422
421
420
421
419
419
420
423
420
420
421
416
419
421
421
422
420
466
421
420
422
422
420
421
421
420
420
420
422
420
422
420
420
421
420
420
421
420
421
416
422
422
419
420
422
419
420
420
417
420
420
421
421
420
417
420
420
417
420
421
420
419
421
420
422
408
412
396
408
412
408
410
411
409
410
411
412
408
411
411
412
408
411
409
411
424
419
420
416
420
421
420
421
422
421
419
421
423
420
420
418
421
422
420
421
419
420
421
420
423
420
423
421
421
418
420
422
413
419
419
423
421
421
420
421
420
422
421
419
420
422
421
420
421
423
419
421
421
419
591
423
423
419
585
421
419
421
418
486
421
421
420
419
423
420
419
419
421
421
420
419
420
421
424
419
421
421
420
426
420
421
419
420
420
422
421
422
422
420
480
561
419
648
434
421
421
421
421
421
420
420
422
420
420
421
425
423
421
420
418
420
421
419
419
419
415
465
422
421
422
418
420
422
418
419
421
420
421
417
421
419
422
421
419
423
421
419
423
420
421
422
422
420
419
421
420
420
421
419
420
423
424
422
421
421
420
420
419
421
419
422
419
433
421
418
421
480
481
453
421
420
420
420
421
421
420
420
421
422
420
421
420
422
421
419
844
525
505
505
507
493
478
451
412
411
408
410
420
421
541
421
421
421
419
420
420
420
421
422
421
421
420
419
420
419
422
421
419
494
419
422
420
420
419
418
422
416
421
422
419
422
420
420
478
420
422
419
421
421
423
421
421
420
421
420
420
421
423
421
421
420
420
420
420
419
420
421
421
422
419
503
498
456
455
424
472
421
420
418
421
