469
476
474
474
473
474
473
474
475
477
472
476
475
472
471
476
475
474
473
474
477
470
475
472
474
590
473
535
524
519
473
474
477
475
476
521
474
475
474
473
476
473
469
475
470
475
468
475
470
477
474
477
474
474
475
478
476
470
475
461
474
474
584
515
473
476
476
477
474
474
496
495
512
475
486
536
485
488
488
487
485
485
489
487
483
489
483
486
486
488
485
469
472
473
477
475
448
476
477
472
477
474
471
472
475
472
473
477
469
476
472
475
474
478
474
473
472
473
473
477
476
471
484
474
477
476
482
474
475
470
566
477
476
472
478
517
477
533
536
548
512
470
475
474
486
485
485
486
480
486
487
486
559
488
484
489
486
474
489
486
480
484
477
471
466
477
479
476
476
470
473
521
474
476
658
510
475
477
476
474
478
473
473
478
478
478
476
475
537
511
469
472
478
521
476
471
477
471
472
471
474
472
473
510
474
469
469
494
472
522
476
477
476
476
474
465
476
474
473
475
474
475
473
476
474
587
472
475
473
475
474
475
477
473
474
476
476
476
476
473
470
474
468
474
474
470
475
474
474
476
472
462
575
459
463
465
451
465
464
462
463
462
463
500
464
577
490
539
488
487
488
484
487
488
488
476
481
488
485
485
487
487
486
488
486
482
479
479
474
473
473
476
476
473
476
474
473
478
471
526
473
471
478
476
475
474
470
473
470
475
472
477
479
472
476
474
477
474
475
476
476
476
472
474
474
490
473
474
476
474
472
478
473
475
473
536
476
468
476
476
477
477
473
474
476
475
476
478
475
472
473
477
476
477
475
474
471
471
478
475
473
476
473
473
473
473
477
477
473
475
471
476
609
478
474
560
472
517
477
721
603
475
476
474
474
476
471
473
476
473
474
873
533
501
488
488
471
488
486
486
511
488
486
487
487
486
514
485
565
528
565
474
474
473
571
475
463
475
472
477
477
472
470
472
477
473
473
473
475
643
447
479
475
542
475
476
474
561
475
474
463
472
477
487
485
484
486
481
485
481
484
487
486
487
486
484
479
488
490
488
485
506
586
463
455
460
462
465
464
463
465
462
464
465
510
463
462
465
466
483
472
467
468
476
522
473
476
475
471
472
475
487
474
472
476
477
474
471
472
591
564
476
559
478
475
474
476
476
475
473
473
474
472
474
474
476
474
553
476
476
471
474
476
476
473
472
474
475
607
471
474
477
476
471
471
471
472
475
480
565
513
476
474
475
474
514
474
474
473
472
485
487
486
488
492
490
484
483
485
489
485
487
487
488
488
485
487
489
474
475
476
476
474
476
474
475
472
472
474
474
472
470
475
467
466
475
476
474
472
465
478
513
470
458
474
476
476
476
474
475
474
473
472
476
476
521
518
473
475
518
471
472
477
472
477
474
694
475
638
478
566
514
509
472
473
475
473
466
710
493
474
475
471
476
475
477
474
473
474
474
473
474
475
474
473
485
476
469
474
477
472
473
476
474
475
475
473
475
463
461
682
724
474
464
457
466
459
464
527
465
461
507
466
459
465
483
486
487
487
485
486
485
484
485
488
483
487
476
483
488
485
483
481
476
469
466
474
473
476
476
475
475
474
476
476
548
475
477
474
474
586
477
472
471
642
474
474
475
470
476
476
478
474
478
475
470
475
560
559
554
556
512
479
476
474
468
473
478
473
516
478
470
473
473
473
475
475
554
547
483
476
469
476
473
474
473
474
475
486
478
484
479
484
481
487
486
482
485
475
487
532
482
487
488
484
489
478
473
474
475
477
473
468
475
476
473
475
470
518
476
514
480
476
477
475
477
579
476
476
473
479
473
474
472
465
606
472
475
474
474
490
486
484
486
486
488
487
485
484
486
480
488
484
487
486
487
485
485
476
477
474
472
476
516
495
507
474
474
477
468
471
477
476
473
475
487
487
486
483
488
486
487
487
485
488
488
485
482
480
521
485
486
485
478
513
475
514
476
474
477
476
473
476
473
470
473
475
477
476
572
487
488
487
489
483
484
486
485
484
487
483
482
484
484
486
487
488
489
471
474
475
470
476
474
478
475
473
471
473
472
477
472
473
579
476
474
466
586
487
513
472
640
605
472
520
478
521
475
477
474
476
477
488
487
487
540
476
485
486
483
485
484
484
489
486
487
484
482
484
486
470
476
473
475
475
472
476
475
474
472
475
473
475
477
474
473
476
474
517
689
739
479
489
489
520
475
477
473
473
471
476
476
474
474
486
485
488
484
482
484
483
486
483
486
483
485
485
481
490
486
