408
409
406
409
411
409
411
407
408
408
407
407
407
408
407
397
399
397
397
396
396
399
397
399
398
397
398
398
400
400
399
398
479
398
397
399
397
404
398
398
398
501
534
404
398
586
401
399
409
407
410
407
406
409
652
453
452
411
408
411
409
407
837
398
397
400
486
439
400
399
398
398
397
397
397
398
398
467
397
399
399
397
446
398
397
399
400
399
397
397
399
398
453
402
398
401
398
408
408
407
408
407
408
409
408
407
407
407
408
414
410
410
409
407
398
396
400
397
399
397
397
398
399
398
397
397
398
398
399
397
458
405
399
398
401
400
398
400
398
397
399
398
397
399
481
399
400
409
407
407
407
408
407
409
407
407
408
408
406
408
407
407
420
408
397
401
398
399
398
399
400
396
400
399
397
399
396
397
397
397
448
398
400
399
399
398
493
439
400
397
396
399
436
433
526
399
430
408
409
407
407
409
408
409
409
413
407
409
408
407
408
407
408
408
398
398
398
398
398
399
397
397
398
397
398
398
397
396
400
399
397
398
399
452
444
398
518
453
400
397
398
398
398
397
398
399
400
408
410
433
408
408
408
408
409
407
407
408
408
408
407
406
408
410
401
400
485
398
398
399
397
398
397
399
397
626
397
399
398
398
399
406
407
408
410
408
408
408
407
407
409
407
409
407
407
408
407
408
397
398
398
399
397
397
399
397
399
397
397
398
397
399
398
397
398
410
388
389
390
389
695
704
477
388
389
389
388
388
388
389
388
388
408
525
407
409
444
408
410
409
407
407
407
406
407
408
408
407
406
398
399
397
398
397
398
400
398
397
398
399
397
396
398
397
397
398
398
397
397
399
397
398
398
400
398
398
398
398
397
504
398
398
407
408
408
408
409
408
407
409
408
410
412
408
407
408
408
411
407
399
397
397
397
398
397
398
398
397
398
399
397
507
398
398
398
398
398
398
396
399
398
397
399
399
528
397
449
397
397
398
398
520
398
397
397
399
402
398
554
477
399
399
397
399
397
400
402
399
398
409
410
408
408
408
409
408
407
406
407
407
407
409
408
408
407
410
397
398
398
398
400
399
397
397
398
398
398
566
402
399
399
399
397
398
397
445
398
397
398
400
399
397
397
398
398
397
397
397
397
397
396
398
396
398
396
441
399
397
400
399
398
399
398
396
400
399
398
398
397
397
398
398
398
397
398
397
399
396
398
402
400
397
398
398
397
396
397
400
398
398
400
485
399
400
429
398
397
397
397
398
398
409
407
408
407
407
408
407
407
406
408
408
407
408
407
407
408
408
389
388
388
388
500
389
390
391
388
390
388
387
670
388
388
389
395
397
397
396
396
397
400
397
399
398
398
397
397
397
398
397
399
400
398
389
388
389
389
387
388
389
390
390
388
389
411
388
387
389
388
388
399
397
397
397
397
399
397
399
399
396
397
398
397
398
397
398
398
390
388
390
388
387
470
389
388
388
387
387
388
388
388
388
527
400
398
398
397
397
398
398
399
525
397
399
398
400
399
397
398
397
397
400
389
388
388
391
389
446
520
388
387
389
388
388
389
430
389
388
431
398
397
398
398
397
397
404
399
397
397
399
398
400
397
398
398
398
397
401
398
398
398
397
397
398
396
398
399
397
398
397
398
398
397
387
394
388
389
387
387
388
389
387
389
387
387
387
389
389
388
390
388
389
388
389
387
497
388
388
389
389
388
388
390
388
391
388
387
388
398
398
398
398
399
397
399
398
396
399
398
398
396
398
396
398
398
403
390
391
387
388
389
389
389
390
389
390
449
388
389
390
388
390
391
398
398
397
397
398
398
398
398
397
397
398
399
399
398
399
396
399
388
389
644
393
386
398
693
411
387
390
602
388
389
387
388
389
389
397
397
399
396
398
423
399
396
400
397
396
398
398
398
397
397
398
387
388
388
388
454
387
388
392
389
387
388
389
388
390
387
388
388
390
388
388
388
387
501
389
387
388
389
387
389
388
388
388
388
388
388
398
398
398
398
398
398
397
486
400
397
398
400
397
397
398
397
398
407
408
408
409
407
409
407
409
407
408
407
409
408
407
408
409
410
389
388
389
388
387
387
388
389
389
387
388
388
388
388
388
389
388
388
388
387
559
390
387
387
389
387
390
388
392
388
388
388
392
392
387
397
397
398
398
396
399
400
398
397
398
397
397
646
452
398
397
400
397
398
397
398
397
397
397
396
398
466
397
398
398
397
396
398
400
397
398
398
397
398
398
397
398
400
398
397
398
397
463
398
398
397
398
