64
63
195
64
81
64
64
64
64
65
64
63
64
64
64
65
64
64
64
64
65
68
99
65
64
64
64
64
64
64
64
64
64
64
64
66
64
65
64
66
65
66
66
67
65
66
66
66
65
68
66
66
65
66
68
66
66
66
67
65
66
65
68
65
66
66
65
66
65
66
66
66
64
64
64
64
64
65
63
65
64
64
64
64
65
64
64
64
64
64
64
64
65
64
64
66
64
64
64
64
64
63
65
64
64
64
64
65
64
64
64
65
64
64
64
137
64
65
65
64
64
65
64
64
65
63
64
65
64
64
64
64
65
64
64
68
66
66
68
66
67
67
67
66
66
66
66
66
66
66
65
66
65
66
66
66
65
66
66
66
66
66
66
65
66
76
66
65
64
64
64
68
64
64
64
64
64
64
63
64
64
64
63
64
64
65
64
65
64
64
64
65
64
64
65
64
64
64
65
64
64
65
64
64
65
66
65
64
65
65
65
64
64
64
64
64
64
64
64
65
64
64
65
64
65
64
64
64
64
64
65
65
66
65
66
66
65
66
66
66
65
65
66
66
66
66
65
66
66
65
66
66
66
66
65
66
66
66
65
66
84
73
74
64
64
64
64
65
64
64
64
65
65
64
63
63
64
65
64
63
64
104
64
66
66
64
64
64
65
65
64
64
64
64
65
63
64
66
68
64
64
105
65
65
66
64
64
64
65
64
64
106
65
65
64
64
64
64
65
65
64
64
64
66
65
66
66
68
67
65
67
66
66
66
66
66
65
66
66
65
65
66
65
66
66
67
66
65
66
66
66
66
66
66
79
65
64
64
64
65
64
65
65
64
65
65
65
65
64
64
65
65
65
64
64
65
64
64
64
64
64
65
66
65
64
64
64
64
65
64
64
64
64
65
64
64
64
64
64
64
65
64
66
64
65
64
64
64
64
64
63
64
64
64
64
64
64
64
65
64
65
63
64
63
64
66
64
64
64
65
65
64
65
65
64
64
65
64
65
64
64
65
64
64
64
102
65
65
64
66
66
66
65
67
66
67
66
66
65
66
66
66
66
66
66
65
66
65
66
66
66
66
65
66
65
66
66
66
66
66
66
66
67
65
67
67
67
66
66
65
65
66
65
66
67
66
65
65
66
68
66
66
66
66
66
66
65
66
66
66
65
66
64
64
64
64
64
64
64
64
65
64
64
65
66
67
65
64
64
64
64
64
65
65
64
64
64
66
63
64
63
64
64
64
64
65
64
66
64
65
64
64
64
64
64
64
65
65
64
65
66
64
64
65
106
65
63
64
64
64
64
64
64
64
66
65
66
66
66
66
68
65
66
65
66
66
67
69
67
66
65
66
65
65
66
65
66
66
65
66
66
67
65
65
66
68
66
65
65
65
66
66
66
65
66
66
66
66
66
66
66
66
66
66
66
66
67
65
66
66
66
65
66
65
66
66
66
64
64
64
64
65
64
64
65
64
64
64
64
65
64
64
64
63
64
64
65
106
64
65
64
64
64
65
66
67
64
68
65
66
66
65
65
66
66
65
65
66
65
66
65
66
67
66
66
65
72
72
66
66
65
66
66
66
65
66
66
73
64
64
64
64
63
64
64
63
64
64
66
65
64
64
64
65
64
64
64
64
64
64
64
66
64
65
64
65
64
65
64
64
64
65
64
66
64
64
64
64
65
63
64
64
63
65
64
65
64
63
64
65
108
64
64
65
65
64
64
64
64
64
64
65
66
64
64
64
64
63
65
64
64
64
64
64
64
64
64
64
64
64
63
63
64
65
64
65
65
64
65
64
65
64
64
65
64
65
64
64
65
64
64
64
64
64
64
65
64
66
64
64
66
64
63
64
67
64
65
65
64
65
64
64
64
64
66
63
64
64
65
64
64
63
65
64
65
64
65
64
64
65
64
64
64
64
124
64
65
64
64
65
67
65
64
64
64
64
64
63
66
64
65
64
64
64
64
65
64
64
64
66
64
64
64
64
64
64
64
64
64
66
63
64
64
65
64
65
64
64
66
65
65
66
66
66
65
65
65
65
66
65
65
66
67
65
67
67
65
66
67
65
65
66
66
67
65
66
66
66
65
68
64
64
65
64
64
64
63
65
64
64
64
68
64
65
63
64
64
64
64
93
64
65
63
64
65
66
65
63
64
64
66
64
65
65
64
64
66
64
65
65
64
64
64
64
64
63
64
65
64
64
64
64
64
64
66
64
65
65
65
63
64
64
65
63
65
65
64
64
63
64
64
66
65
64
64
64
64
64
64
65
