83
83
82
93
84
82
82
82
82
82
83
83
82
84
82
82
82
83
82
82
83
82
81
82
82
83
83
83
81
82
85
83
82
82
82
82
82
152
83
83
83
84
84
85
84
84
84
86
85
83
85
84
84
85
84
86
84
83
85
84
84
85
84
84
83
84
87
84
84
84
85
82
82
85
129
82
82
82
83
82
84
83
82
84
82
82
82
82
82
84
82
82
82
82
82
83
81
83
82
82
82
83
83
82
83
82
83
83
82
82
126
83
86
84
84
82
83
82
82
82
82
82
83
81
82
81
82
82
81
84
84
85
84
84
84
83
84
85
84
85
84
84
83
84
84
84
84
84
84
84
84
84
84
84
84
86
84
86
83
98
83
82
82
81
82
82
82
81
82
82
81
82
81
82
82
82
83
82
82
83
82
82
82
82
82
82
82
83
82
82
82
85
82
83
84
82
83
82
82
82
84
82
82
82
82
82
81
81
83
82
82
82
82
82
115
83
83
83
83
83
82
82
81
82
82
83
82
136
82
81
82
82
82
83
82
82
83
81
82
82
82
82
82
83
83
83
82
86
84
85
85
84
85
84
84
84
84
84
84
84
84
84
84
83
85
84
84
85
84
85
84
84
85
85
85
84
82
82
83
82
81
83
83
83
82
82
82
84
82
83
82
82
81
82
82
82
82
82
83
83
82
82
83
83
82
82
82
82
84
82
82
84
82
82
83
82
82
82
83
83
82
82
82
82
82
82
82
82
82
83
83
118
83
84
83
82
82
83
81
82
83
82
81
82
82
83
82
82
82
82
82
82
82
82
83
82
83
82
82
82
83
84
82
181
82
82
82
82
82
83
82
82
82
84
83
84
82
82
82
82
81
82
82
83
82
83
82
83
81
81
83
82
82
83
82
82
82
83
83
82
82
82
83
84
82
82
84
81
82
82
82
83
82
82
82
81
83
82
83
83
82
83
82
82
82
82
83
82
82
82
81
85
82
83
82
84
84
82
82
82
82
82
82
82
83
82
82
82
82
82
82
82
82
82
82
82
81
83
82
83
82
83
188
82
84
83
83
83
82
82
83
82
82
83
82
83
82
82
82
82
82
82
82
82
82
83
82
81
82
82
83
85
93
94
83
82
82
83
82
82
82
83
82
82
82
82
83
82
82
83
82
82
82
82
83
98
82
82
83
82
83
169
94
83
83
82
83
82
83
82
82
82
83
83
81
84
82
81
82
82
82
82
84
82
83
82
82
82
82
83
82
82
83
82
82
82
83
82
82
81
82
82
82
83
82
82
82
82
82
82
82
82
82
83
82
82
82
82
82
83
83
82
82
82
83
82
82
82
82
81
82
82
82
82
82
83
82
83
82
83
82
82
83
82
82
83
82
82
82
82
84
83
82
83
82
82
82
82
82
82
82
82
85
83
83
83
82
83
82
82
82
82
82
83
82
82
83
82
83
81
82
82
83
82
82
82
82
82
82
81
82
82
82
83
82
82
83
82
82
82
83
82
82
83
82
82
84
82
82
82
82
84
82
81
84
82
82
83
82
82
82
82
82
83
82
82
83
93
82
82
83
82
81
82
82
82
82
82
82
82
83
82
82
82
81
83
81
82
81
82
82
82
83
83
83
81
82
82
82
82
82
83
83
82
83
82
82
83
82
82
83
82
82
82
82
82
83
82
83
81
86
82
83
82
83
83
83
82
82
82
82
83
83
82
82
81
82
82
82
82
82
82
82
82
82
82
82
82
84
83
82
82
83
82
83
82
83
84
81
82
82
83
81
82
82
82
83
82
82
83
84
82
82
82
82
82
83
83
81
83
83
81
82
82
82
82
83
82
82
82
81
83
82
82
82
81
82
83
82
82
82
83
82
81
82
81
82
82
82
82
82
82
82
82
82
82
83
83
82
86
82
82
84
82
82
81
82
82
82
83
83
82
83
81
82
82
82
82
82
82
82
83
84
82
82
82
82
82
82
82
82
83
82
81
82
83
83
82
84
82
82
82
82
82
83
83
82
83
82
83
83
83
84
83
82
82
83
82
82
81
84
82
82
82
81
81
82
82
81
82
83
82
82
82
83
83
82
83
82
82
82
84
83
103
82
83
83
83
84
83
82
83
82
100
82
83
82
82
81
82
82
83
82
81
81
83
82
82
82
83
82
116
82
83
82
83
82
82
82
83
83
81
82
117
83
82
82
81
82
82
82
82
81
81
84
82
130
83
82
82
83
98
85
140
82
84
82
84
85
84
85
84
85
84
84
84
84
85
85
84
