104
104
105
106
105
105
104
105
105
105
105
105
105
105
105
107
102
102
120
102
102
103
103
103
109
102
102
102
102
102
101
103
103
104
101
104
103
102
103
101
102
102
102
103
103
102
102
102
101
103
102
102
101
104
103
101
102
102
102
102
102
103
102
102
102
103
102
132
191
103
103
103
102
103
103
102
102
102
102
102
102
102
102
103
101
102
103
102
102
103
240
103
102
105
101
103
103
102
102
102
102
105
103
104
102
103
102
103
103
102
102
103
102
103
102
102
102
103
102
101
102
101
102
103
103
102
102
103
103
210
134
116
117
102
102
102
102
102
102
102
102
103
102
103
119
103
104
102
102
102
102
103
103
104
102
102
104
105
103
102
101
102
102
103
101
102
101
102
103
102
102
102
104
101
102
102
102
102
102
101
103
102
102
103
103
103
102
102
103
102
103
102
103
103
102
102
102
102
102
103
102
102
102
102
103
102
102
103
102
111
102
101
102
102
102
102
103
126
102
101
101
101
103
102
102
103
102
102
102
102
102
102
102
103
102
102
104
102
101
103
102
105
103
102
102
103
103
103
102
102
104
103
107
141
102
104
102
101
102
102
102
101
102
103
102
104
102
142
102
103
102
102
102
102
103
103
103
102
102
102
102
103
103
102
102
102
117
104
111
104
103
106
105
104
105
104
106
104
104
105
104
105
104
104
105
106
104
105
104
105
104
104
105
105
105
106
105
107
103
102
102
102
104
102
103
102
103
103
102
102
101
102
103
103
103
102
102
102
102
102
103
102
103
102
102
103
101
102
103
102
103
101
104
102
103
103
102
103
103
102
104
102
102
103
102
102
102
102
103
102
102
103
102
102
103
103
105
132
101
102
102
102
102
102
103
102
102
102
103
102
102
102
103
101
104
103
101
102
103
103
103
103
102
102
102
103
102
102
101
101
103
103
101
102
102
102
102
102
102
104
102
102
103
104
102
103
103
103
103
102
101
102
102
103
102
102
102
103
102
103
102
102
102
102
106
102
103
102
104
105
104
103
103
103
101
102
102
103
102
102
104
102
102
102
101
102
103
103
102
102
103
103
103
102
102
103
102
101
102
102
102
102
103
102
102
102
102
103
103
103
104
105
104
102
102
131
102
102
102
103
103
102
103
102
103
102
102
102
102
105
104
103
102
102
102
101
102
103
103
103
102
103
104
102
102
104
102
102
102
102
102
102
102
102
102
102
103
102
103
103
102
104
102
102
102
102
101
102
102
102
101
102
103
103
102
102
103
102
103
104
103
105
104
102
101
102
102
102
103
102
102
102
102
103
102
102
138
104
103
101
102
103
103
102
104
102
102
102
102
102
102
103
102
102
102
103
102
103
103
101
103
103
103
103
103
103
102
102
102
103
103
102
103
104
105
102
102
102
104
102
103
101
105
105
106
107
104
104
104
105
104
105
105
104
105
104
104
105
106
105
105
105
105
104
106
105
105
105
104
105
102
102
103
101
104
103
102
102
101
101
101
103
102
103
102
103
224
104
102
102
102
102
102
104
102
102
103
104
101
101
103
102
102
102
102
103
102
101
102
102
102
102
103
102
102
102
104
105
102
103
103
102
103
101
102
102
102
102
102
103
102
102
102
102
102
102
103
102
102
104
101
102
102
104
102
104
103
102
102
102
102
102
104
102
101
102
103
102
102
102
102
103
102
102
102
102
102
102
102
103
103
103
102
102
102
102
102
102
103
102
102
102
102
102
103
101
102
117
102
105
103
102
104
102
101
103
102
102
104
102
102
103
103
102
101
103
103
103
103
102
101
102
102
103
102
102
102
102
104
103
103
102
102
102
102
102
104
102
102
102
102
101
103
102
102
102
103
102
103
103
102
104
103
102
101
101
102
104
102
104
101
102
102
102
102
102
102
103
102
103
103
103
102
102
102
103
102
102
104
104
103
102
102
102
103
102
102
102
101
102
102
103
102
103
103
104
102
106
102
102
104
105
102
101
102
102
102
102
102
102
102
103
102
102
101
102
102
102
102
101
105
102
103
102
102
102
102
102
103
102
102
102
102
102
102
102
101
102
102
102
102
103
102
102
102
102
104
102
102
102
101
102
102
102
102
102
102
102
102
103
102
102
104
103
103
102
105
102
102
102
102
103
103
102
102
103
102
103
102
102
102
102
104
102
104
102
102
104
105
102
103
103
103
103
103
104
102
102
102
102
102
102
103
102
102
102
102
101
102
102
102
104
102
102
102
102
102
101
102
102
102
102
102
102
103
102
102
102
102
103
