127
126
127
126
126
126
127
126
127
128
128
127
128
128
129
126
128
126
127
129
127
126
127
126
127
127
128
126
127
128
126
126
128
126
127
128
127
127
127
127
128
128
127
126
127
127
127
127
127
127
127
127
128
126
127
127
127
126
127
126
127
127
127
126
126
130
127
127
170
126
127
130
186
128
127
127
128
127
127
127
126
127
128
127
127
127
127
127
126
127
127
127
194
126
127
127
127
126
128
129
126
127
127
127
127
126
133
127
127
128
126
127
127
127
128
126
127
127
128
127
127
127
127
127
127
128
126
128
127
128
128
127
127
128
127
127
127
127
127
127
128
127
127
128
126
128
187
127
127
127
127
127
127
126
127
127
127
127
126
127
127
129
175
128
129
128
126
127
127
126
127
129
127
127
126
126
127
127
128
126
128
128
127
127
127
127
127
128
127
126
126
127
126
126
128
127
126
128
129
126
128
129
129
126
126
127
126
126
126
128
127
128
126
129
127
127
128
126
127
127
127
127
128
128
126
156
127
126
126
127
128
126
128
128
126
127
128
126
127
127
127
128
127
127
127
127
130
127
136
129
127
127
128
126
128
128
127
127
127
127
127
126
127
128
126
128
208
128
126
127
127
127
126
127
127
126
127
127
127
128
128
128
128
127
127
128
127
126
127
127
131
127
127
126
127
126
127
126
127
127
126
127
127
128
127
155
127
128
127
126
127
127
171
129
129
128
128
126
127
127
127
126
126
127
127
128
128
126
127
127
127
128
128
128
126
128
126
127
130
127
127
127
150
128
129
130
131
131
131
130
129
132
130
131
130
129
130
169
130
131
134
133
209
131
136
133
130
146
134
140
137
137
138
131
131
129
130
129
130
130
134
129
130
130
130
130
130
131
132
131
130
131
131
130
127
127
262
169
146
165
127
128
127
127
127
127
126
126
127
170
128
128
126
127
127
127
127
127
127
127
127
126
127
127
144
168
145
145
131
137
127
127
129
126
127
127
127
127
127
127
154
128
130
130
130
131
129
130
130
132
131
131
132
131
132
129
132
130
129
131
130
130
130
130
266
173
144
130
130
131
132
129
130
130
130
131
132
130
130
129
130
130
130
130
130
131
130
130
180
131
130
130
130
126
127
126
128
127
127
163
129
130
167
127
127
126
128
127
126
127
127
127
128
128
127
127
127
131
130
129
130
129
129
131
131
130
129
130
129
132
131
129
131
130
129
130
129
129
130
130
132
130
130
127
129
127
128
127
127
126
128
128
128
127
172
128
126
127
128
127
126
127
127
128
210
261
168
145
127
128
127
127
126
127
128
126
126
127
128
127
127
127
127
127
127
126
127
126
128
128
210
128
131
129
131
132
131
130
129
131
129
129
131
130
132
129
131
129
132
131
131
130
131
130
131
130
130
132
126
128
127
179
126
128
127
129
188
128
127
128
127
130
128
127
126
126
127
144
146
147
146
144
129
167
144
145
130
129
129
130
130
130
131
131
129
131
130
130
130
130
129
136
130
130
168
131
133
127
127
126
127
127
126
127
128
126
128
129
127
126
128
127
127
127
128
127
127
126
128
128
210
128
132
130
132
133
131
131
131
130
129
133
130
139
130
130
132
130
130
130
131
131
130
130
132
131
131
132
131
129
129
129
131
130
130
130
130
132
129
130
130
130
130
129
129
130
129
130
130
130
130
130
131
146
127
130
204
128
128
127
127
127
129
128
127
127
127
127
129
128
129
127
126
126
127
127
127
127
129
128
129
127
127
128
128
127
126
126
126
127
128
127
126
127
126
128
127
127
129
127
208
128
128
126
126
197
130
128
128
171
128
127
127
127
127
127
126
127
127
126
127
127
126
127
127
128
169
128
127
129
131
130
130
130
132
130
130
130
130
133
131
130
130
130
130
131
131
130
129
130
131
130
130
131
130
126
126
127
129
127
127
126
128
127
128
126
130
127
127
126
127
127
127
128
126
127
128
127
127
127
127
127
128
126
128
127
127
127
127
148
226
127
127
127
126
127
127
127
127
127
127
128
127
127
126
131
131
130
131
130
130
130
130
131
131
131
129
131
130
131
130
130
129
129
129
130
129
130
131
129
129
128
128
127
127
127
128
126
127
126
129
127
128
126
126
127
126
127
126
127
128
127
126
126
126
126
127
127
127
127
128
126
128
127
128
128
127
127
128
127
126
126
127
128
127
127
127
127
128
127
127
127
144
143
131
130
129
130
131
130
130
146
131
130
130
131
129
129
130
130
130
130
129
131
129
130
129
126
127
127
