192
194
191
191
191
198
193
191
193
193
193
192
274
192
192
191
193
192
191
191
191
192
191
192
191
193
194
192
191
286
244
192
193
192
191
192
192
191
191
191
191
191
191
191
191
192
192
191
191
192
191
191
192
194
192
190
192
191
193
192
191
192
191
192
192
193
192
192
191
192
193
192
192
192
192
194
193
231
191
219
233
232
240
239
246
245
238
232
234
239
224
225
212
196
197
196
201
196
197
197
197
196
197
198
196
197
196
238
199
198
197
193
192
191
193
193
192
192
192
191
192
192
192
193
192
192
307
191
191
191
193
197
195
192
193
194
191
191
191
192
192
192
192
191
191
192
192
193
191
192
192
192
194
192
191
192
191
191
191
193
193
192
192
192
192
192
193
268
193
210
192
192
191
192
192
191
193
191
192
191
191
191
196
196
197
196
198
195
198
196
219
198
196
229
197
197
198
197
197
197
197
198
196
196
197
191
192
192
191
193
192
194
192
192
192
192
192
192
191
191
193
192
193
192
192
191
361
191
193
193
191
191
191
192
191
191
191
191
192
193
191
192
191
193
194
191
192
192
192
192
192
191
191
194
193
191
191
193
193
191
191
191
192
192
191
193
193
193
191
192
191
192
192
192
193
195
192
191
191
192
191
191
192
191
194
192
266
195
192
191
191
192
191
192
193
191
192
192
192
191
195
197
196
196
196
198
197
197
197
199
198
196
196
196
197
197
196
196
197
196
196
199
196
193
191
191
191
191
193
191
192
191
192
192
195
191
191
192
191
192
191
276
192
191
193
198
193
192
191
193
192
192
191
191
192
191
192
192
192
193
193
191
193
338
191
191
192
192
193
192
193
193
191
195
191
192
191
191
191
192
191
191
191
194
192
191
192
191
192
193
193
191
192
191
192
193
191
191
192
193
191
193
192
191
191
192
191
194
192
191
192
191
303
191
191
192
193
192
191
191
193
192
191
193
193
191
191
192
191
192
193
191
193
192
191
191
191
192
192
315
218
192
191
191
191
191
192
193
191
191
191
191
192
191
193
193
193
193
192
193
192
193
195
209
192
192
192
193
193
193
557
383
259
238
193
199
193
191
191
191
282
192
192
191
191
192
191
192
192
196
196
197
196
196
195
196
196
198
198
196
198
198
196
196
196
196
196
196
198
196
197
197
196
192
193
194
193
192
192
192
192
193
194
192
193
193
192
191
192
191
193
192
192
221
190
192
191
192
192
193
193
192
192
191
411
193
191
191
192
192
192
192
193
192
191
192
194
192
191
191
192
193
191
191
191
192
191
192
191
192
194
192
191
192
192
192
191
191
191
191
191
193
192
190
261
192
192
191
194
192
191
195
191
194
192
191
192
192
191
191
191
194
192
192
192
193
193
192
192
192
192
193
191
191
192
197
278
191
191
194
191
192
192
191
192
192
191
193
191
191
192
191
192
192
262
209
192
192
191
193
192
191
194
193
192
192
192
192
191
191
192
191
191
193
192
192
191
192
193
241
191
191
192
191
192
192
192
192
192
191
191
191
191
192
192
191
191
192
193
191
191
193
192
324
192
193
193
191
191
191
191
191
191
191
194
193
191
192
192
191
193
192
191
192
191
191
192
192
192
193
193
191
192
190
194
191
193
193
196
191
191
191
192
191
191
191
191
194
192
191
191
192
191
191
192
192
193
192
192
191
191
191
191
191
195
192
191
192
191
191
191
191
191
191
192
192
191
191
238
192
192
246
192
215
196
194
192
192
191
191
192
192
191
191
191
191
193
192
192
191
191
191
197
191
192
191
191
191
192
191
191
191
193
191
191
192
237
193
191
191
192
191
194
192
192
194
191
250
192
192
192
191
192
192
192
193
192
191
191
191
191
194
192
192
191
191
193
192
192
191
191
192
192
191
191
191
192
194
192
192
191
193
191
192
191
191
191
193
191
191
190
192
191
191
191
192
192
191
194
191
191
192
192
192
192
191
192
192
192
191
191
192
192
192
191
192
193
192
192
191
193
192
194
191
191
192
191
191
191
192
191
192
191
191
191
191
191
191
191
192
193
192
192
191
192
192
192
191
192
191
192
192
193
195
232
200
192
192
192
198
196
196
196
197
197
197
197
197
195
196
196
231
196
196
197
199
197
196
196
197
196
197
198
192
192
192
192
191
192
193
191
191
191
191
194
191
259
191
191
191
191
192
192
193
192
191
192
192
192
191
192
191
193
192
191
192
191
192
191
192
191
192
193
191
192
192
193
193
192
191
192
192
191
193
192
193
192
191
192
191
