227
244
226
226
226
301
227
271
230
228
227
270
228
228
226
227
228
316
227
227
263
230
229
226
225
226
225
264
239
228
227
227
228
225
232
233
233
234
231
233
233
233
235
233
290
259
232
232
231
232
235
246
232
233
232
225
226
227
226
226
270
226
225
227
226
226
228
227
226
226
227
227
244
226
226
227
225
225
226
226
404
225
240
227
226
374
268
228
228
226
351
226
226
227
295
228
417
233
232
232
232
231
232
233
233
232
234
298
258
231
234
233
232
232
232
232
232
234
232
227
227
228
228
225
227
226
227
386
227
226
226
227
226
262
226
228
226
263
225
385
226
228
227
226
227
227
226
226
229
226
229
227
227
227
226
227
226
226
226
226
227
226
227
227
226
226
273
226
226
226
228
226
227
266
226
228
227
226
226
226
226
226
226
226
226
226
226
226
226
226
226
225
226
225
228
226
226
226
226
226
226
227
226
226
226
226
225
227
319
221
221
223
220
221
220
221
220
221
221
221
221
302
220
221
220
220
220
220
221
221
226
226
226
226
227
226
228
226
321
227
227
226
225
227
229
227
226
226
227
225
226
227
226
226
226
226
227
300
259
226
227
226
226
226
226
227
227
226
227
227
227
226
226
227
227
227
226
288
226
226
227
227
226
227
226
226
226
226
226
226
226
227
224
227
226
226
226
226
226
228
227
226
227
227
225
226
226
226
226
228
226
226
227
226
227
227
227
226
225
226
230
226
226
226
230
226
226
227
226
226
226
227
228
226
227
226
227
226
226
227
226
227
227
227
227
226
227
226
306
227
227
226
226
226
227
227
227
226
227
226
226
229
226
226
225
227
227
227
229
227
227
226
226
226
226
226
227
226
228
227
226
226
226
226
225
226
226
226
227
226
228
227
228
226
226
227
227
226
226
226
260
227
225
226
226
226
227
226
228
225
225
226
227
225
226
226
226
227
226
227
227
226
226
226
225
226
229
225
227
227
221
221
221
221
220
221
220
221
220
373
221
221
221
222
231
222
221
220
221
222
220
221
221
225
227
226
226
227
226
226
226
226
226
226
226
226
269
226
226
226
229
227
226
226
226
227
229
226
227
226
226
226
225
226
226
226
226
226
227
227
226
225
227
226
226
226
227
225
226
228
227
226
225
226
226
225
225
226
234
288
226
226
225
227
226
226
227
228
226
226
226
226
227
225
227
226
226
226
226
226
227
226
226
227
226
226
226
226
228
226
227
226
225
227
226
227
227
228
228
226
226
225
227
226
225
227
308
226
226
309
229
227
227
225
227
228
226
227
226
225
228
227
226
227
226
227
228
227
227
227
227
229
227
279
226
227
227
227
226
276
226
227
226
226
228
226
226
227
227
226
226
226
227
227
225
226
226
226
227
225
226
226
226
227
227
225
226
226
227
227
227
227
226
226
227
227
226
226
227
226
229
227
227
226
226
227
226
226
227
226
227
227
226
226
227
225
227
226
226
287
226
226
226
227
226
228
227
226
226
226
226
226
226
226
226
225
230
226
227
226
226
228
226
229
227
227
227
227
235
226
225
227
227
228
226
227
226
226
227
226
226
226
226
226
227
226
344
227
279
226
227
227
226
227
226
228
227
226
227
226
226
226
225
226
228
226
226
226
228
226
226
229
227
228
261
226
226
229
226
227
226
226
225
226
226
226
227
226
226
226
228
226
227
226
225
225
227
226
226
227
227
227
227
227
227
225
225
227
226
226
225
228
227
226
227
226
226
259
226
226
228
226
227
229
227
226
225
226
226
226
227
227
226
226
227
226
226
226
227
226
227
227
226
226
226
226
227
236
227
227
227
228
226
226
229
227
357
228
226
227
227
226
226
226
225
226
227
226
226
226
227
226
227
226
230
226
226
225
226
228
271
281
228
225
226
228
227
227
228
226
225
227
226
226
227
226
230
225
226
226
226
228
226
227
227
226
225
227
226
226
227
226
226
226
226
226
226
226
228
226
227
226
226
244
227
225
227
225
227
226
226
226
227
226
227
226
226
226
226
266
226
227
227
227
226
226
226
226
226
227
227
227
227
229
229
226
229
227
226
226
227
227
226
225
226
227
226
227
229
227
227
225
227
226
226
226
228
227
225
227
229
228
227
226
227
226
228
226
227
226
226
226
227
227
226
226
225
226
225
227
225
226
227
226
226
226
226
227
226
228
226
229
226
227
227
227
226
227
226
226
227
226
226
226
226
230
307
227
226
227
298
226
334
227
228
228
229
227
232
233
232
232
232
232
231
234
232
232
231
232
