274
273
273
273
273
275
274
273
274
273
268
267
267
266
266
267
266
266
266
266
267
267
266
311
453
268
266
268
267
264
266
269
268
267
266
313
267
266
343
268
267
266
267
270
265
268
268
268
266
266
266
266
267
266
267
264
267
266
266
266
335
266
267
266
268
267
266
267
266
267
266
267
266
267
266
267
268
266
266
267
266
266
266
265
265
267
268
269
268
266
266
266
266
267
267
266
267
304
288
281
268
268
267
266
266
267
334
266
314
267
266
267
267
266
266
266
268
270
267
268
268
268
271
266
456
265
267
267
267
268
266
267
267
270
268
267
266
267
267
269
268
266
266
266
266
268
267
267
266
266
266
268
267
267
266
267
267
267
268
266
265
266
268
267
267
266
266
266
268
268
268
266
267
267
267
266
267
268
266
267
267
265
266
266
266
267
267
267
269
265
267
268
268
269
352
303
266
266
267
269
267
266
267
267
266
267
267
266
267
267
266
329
267
266
269
266
267
267
267
266
268
266
267
266
267
267
268
267
267
267
268
267
268
268
267
268
266
269
267
266
268
269
268
267
268
267
268
267
267
267
266
267
267
268
267
266
268
268
267
266
266
265
268
267
266
269
266
267
267
268
268
266
267
266
269
267
267
266
267
268
267
267
265
265
268
266
267
266
267
266
266
267
267
267
266
272
268
267
267
265
267
267
266
267
266
267
266
266
267
268
267
267
267
266
268
267
266
266
339
267
266
267
267
266
267
267
269
267
268
266
267
266
267
267
267
274
269
266
267
266
269
267
268
267
268
266
266
267
267
266
267
269
268
266
267
266
267
268
266
266
268
370
268
268
268
320
267
266
266
266
266
268
267
267
267
267
267
266
270
266
267
267
267
268
267
272
267
269
267
304
280
269
267
266
266
266
267
266
267
269
267
267
266
266
267
266
267
266
270
266
266
266
267
267
266
266
267
265
268
266
267
266
266
266
266
267
267
267
270
267
266
267
266
269
268
268
267
268
269
266
266
266
266
267
266
266
268
267
266
266
266
267
266
265
266
269
266
264
267
266
267
267
266
268
265
266
266
267
267
265
266
268
268
267
266
266
303
267
266
268
266
267
268
267
267
267
268
267
268
269
268
266
267
266
267
266
267
267
266
267
267
266
266
266
268
266
266
266
267
267
268
267
267
267
268
268
265
266
266
267
266
269
267
266
265
267
266
266
266
261
261
259
260
260
551
261
548
305
267
267
260
260
260
407
261
260
262
261
261
278
267
266
268
266
267
336
268
266
266
267
267
267
267
267
266
268
267
267
267
267
266
266
266
266
266
267
266
268
268
267
268
267
266
267
267
267
268
266
269
266
266
266
266
267
268
268
267
266
266
338
268
267
267
267
267
266
266
267
266
268
266
266
267
266
267
309
267
266
267
267
267
267
267
267
265
266
267
267
266
266
266
267
265
266
268
267
267
266
266
267
266
268
267
269
267
267
266
267
266
267
267
267
267
267
266
266
267
267
266
266
266
266
268
266
271
341
266
267
267
267
267
268
266
266
268
268
266
267
268
268
267
267
267
266
266
267
266
266
266
266
266
267
266
266
266
266
266
266
267
266
310
266
267
265
266
267
269
266
266
268
267
266
276
267
267
267
266
266
266
266
268
267
267
267
267
267
266
267
267
267
266
265
267
266
267
267
266
266
267
263
261
261
261
264
260
261
260
260
262
260
260
261
437
261
260
260
260
262
260
260
266
266
268
266
267
267
268
266
266
267
267
268
266
313
267
267
267
267
267
266
267
266
266
267
270
266
305
267
268
268
269
269
270
266
266
268
333
371
267
267
267
267
267
267
267
267
267
267
265
267
268
267
266
266
266
266
268
310
268
269
268
266
266
266
267
267
267
268
267
267
266
267
266
268
267
315
266
267
267
333
268
375
281
274
272
274
274
273
274
275
273
274
274
274
273
274
274
274
274
275
273
273
274
267
266
266
268
268
267
267
269
269
268
266
265
266
266
269
268
266
267
267
267
266
267
267
276
267
266
266
266
267
266
266
267
269
269
267
266
267
288
310
267
266
266
273
272
273
274
275
274
272
274
274
274
274
275
274
272
276
273
275
273
272
277
273
260
261
262
259
261
260
261
260
260
260
260
260
261
262
263
260
261
261
261
262
258
267
267
266
266
266
267
266
267
267
267
268
267
267
310
269
269
267
268
267
266
267
289
267
269
268
268
337
270
269
267
267
267
267
265
266
269
267
266
267
268
273
311
276
275
274
274
275
272
273
275
273
271
273
