320
322
320
320
320
321
321
312
312
314
312
313
312
313
314
312
311
313
312
314
312
312
312
404
353
315
316
312
355
351
314
314
453
313
312
313
313
358
313
314
313
312
312
312
313
320
320
319
321
320
320
320
321
321
320
321
320
321
322
325
323
321
321
320
314
312
313
314
314
314
316
312
313
313
312
312
312
313
312
314
313
371
314
313
312
312
313
312
312
343
313
312
314
314
313
313
314
313
312
313
315
313
314
312
314
312
313
313
312
312
313
313
315
313
314
311
377
315
313
509
312
314
314
313
312
313
314
313
312
312
315
312
313
313
312
311
312
312
313
312
313
313
314
312
314
311
312
315
313
313
313
313
312
313
315
314
315
314
393
314
313
312
312
313
314
314
315
315
313
312
315
312
313
314
312
312
313
313
312
313
313
311
312
312
313
315
313
438
356
315
314
312
313
314
313
313
313
316
313
331
320
320
338
323
323
322
320
321
321
321
320
322
323
319
320
321
320
321
320
313
313
314
315
314
313
314
314
313
313
313
313
313
314
313
313
476
387
312
320
324
324
320
321
338
321
321
321
319
320
320
322
327
321
373
321
321
321
312
314
313
314
313
314
314
312
312
313
314
312
312
313
314
316
312
314
312
312
312
313
312
315
312
393
312
315
312
312
454
315
313
368
312
312
437
315
322
319
320
321
322
321
319
319
320
321
319
322
322
320
321
320
321
320
321
320
306
305
306
304
306
306
306
306
305
308
306
306
354
305
307
304
305
305
305
305
314
312
392
314
313
312
458
323
315
313
312
399
315
314
314
318
318
313
322
321
321
322
322
321
321
323
321
320
320
321
321
323
321
321
321
321
359
320
312
312
316
398
350
313
315
314
312
311
313
313
314
312
313
315
313
313
312
313
313
312
312
313
314
314
313
314
311
314
313
313
314
313
386
314
311
421
322
321
321
321
321
321
320
320
321
321
323
319
321
320
321
321
320
322
320
318
315
312
312
312
312
315
315
315
315
313
315
314
313
374
312
509
316
314
320
321
321
356
328
335
321
321
321
321
321
320
321
321
321
320
320
355
329
318
313
313
315
314
314
312
314
313
313
315
313
314
312
313
313
313
312
312
312
313
313
312
313
313
313
314
313
312
313
313
313
313
313
315
355
358
322
359
333
320
321
322
319
320
321
320
320
320
321
321
321
321
322
321
320
319
312
312
314
312
312
314
312
312
313
312
312
313
313
316
313
313
313
314
313
312
311
317
313
313
314
315
478
315
312
313
316
313
313
311
312
312
313
312
314
314
312
375
313
311
474
314
313
313
315
360
313
312
314
313
313
315
312
313
312
315
313
312
312
354
313
312
313
313
313
313
313
313
314
314
313
312
313
312
313
313
359
313
313
313
313
311
312
313
313
314
313
313
313
314
314
313
306
306
305
305
306
306
557
308
306
305
309
304
304
306
305
305
306
305
305
313
312
313
314
399
312
312
312
313
313
314
313
312
313
313
312
313
312
315
313
313
312
312
312
314
313
313
313
313
385
313
313
313
316
314
313
315
314
313
313
313
313
313
312
314
312
313
314
314
366
313
314
312
315
313
313
312
314
313
312
312
341
312
312
313
312
311
313
312
313
312
313
313
314
313
312
313
314
312
307
306
336
306
304
304
305
305
305
305
305
307
306
306
305
307
306
306
304
305
311
312
314
313
312
313
313
314
311
313
314
315
346
313
314
313
313
313
316
312
312
313
313
312
314
313
315
313
312
312
312
312
386
313
314
313
313
312
314
313
314
314
313
312
312
312
312
313
311
313
313
312
313
312
314
313
313
312
313
313
312
315
356
314
312
314
312
313
313
312
313
312
313
314
312
355
314
312
313
314
312
312
314
311
313
312
312
313
313
313
312
312
414
315
319
317
313
313
314
313
313
313
314
314
313
312
312
312
312
313
312
313
313
312
355
415
356
313
313
312
313
313
314
313
313
312
314
313
312
313
313
313
418
320
313
315
314
313
314
312
313
313
313
313
312
313
314
312
313
313
313
312
312
313
313
313
306
306
306
306
305
305
305
305
305
305
348
305
305
306
305
308
305
306
306
305
314
314
314
312
313
313
312
313
312
311
312
313
314
314
314
313
312
312
317
314
314
314
313
312
312
311
312
313
314
313
313
312
313
313
312
313
313
314
313
312
313
312
313
315
313
313
312
313
312
312
314
314
314
312
313
313
313
312
305
307
306
305
455
308
305
306
305
305
305
307
305
306
305
306
305
305
306
305
313
312
313
314
313
313
313
