345
345
345
345
347
346
345
346
349
347
345
347
345
346
484
346
346
349
345
345
346
345
345
345
346
347
346
347
345
346
344
345
346
346
346
345
345
347
347
345
347
345
345
345
345
344
345
346
346
346
345
346
345
346
345
345
345
346
345
345
346
350
352
346
346
344
347
337
337
337
336
339
478
404
337
338
336
339
337
337
337
339
337
337
337
357
347
346
393
345
346
346
344
347
345
347
345
346
346
346
345
345
346
345
338
336
337
337
338
337
337
337
337
338
337
338
561
338
338
512
339
337
345
344
346
346
345
345
345
346
345
346
345
464
346
346
393
394
345
345
345
345
345
345
344
347
346
347
345
346
413
386
345
346
346
345
346
345
346
344
345
344
345
345
345
346
346
346
345
346
345
346
346
346
345
347
345
345
344
344
347
362
345
345
345
345
346
345
346
346
346
345
346
345
347
337
339
337
338
337
336
339
337
337
336
338
336
410
338
384
347
336
338
346
345
454
346
344
345
345
345
347
346
346
345
345
346
346
345
346
345
347
347
345
346
346
345
347
345
346
346
345
345
345
346
346
346
353
345
346
345
345
346
345
346
346
345
345
345
345
352
345
345
344
346
346
345
346
355
338
337
338
337
337
337
339
336
337
413
337
337
337
336
337
629
337
343
346
345
390
346
345
346
345
346
346
345
346
344
346
345
346
345
344
346
344
346
345
346
417
346
346
348
354
346
345
346
345
347
345
346
345
345
347
346
346
347
345
346
345
346
345
345
346
344
346
347
345
346
346
345
345
338
337
341
338
337
394
337
338
337
337
337
338
338
339
336
337
338
339
337
346
346
383
347
346
346
346
345
345
346
345
345
345
344
346
346
345
345
345
383
352
346
346
345
347
346
346
346
348
346
346
345
344
345
347
345
345
345
345
345
346
345
345
345
347
346
345
346
346
346
346
345
346
345
345
337
337
338
632
339
337
337
341
337
336
339
337
338
337
337
337
337
337
337
345
346
344
347
346
346
346
345
345
347
347
345
346
346
345
344
345
346
345
337
337
338
337
336
339
337
336
336
340
336
442
338
338
336
337
338
337
337
337
336
336
338
337
336
337
337
338
337
338
337
338
337
337
337
337
336
345
347
346
344
344
345
345
345
345
346
347
345
346
346
346
346
346
345
346
337
336
337
337
337
337
338
336
339
338
338
337
337
337
338
336
337
338
338
346
345
346
345
347
346
345
345
345
345
345
345
345
347
346
345
344
348
345
346
347
346
346
345
349
347
346
345
344
345
351
347
347
345
345
346
345
338
336
380
337
338
337
338
338
337
337
338
337
339
337
338
337
337
337
345
347
347
348
349
350
345
346
344
347
345
346
448
346
347
346
346
345
348
345
346
345
345
346
497
348
348
346
346
346
346
346
417
347
345
344
347
346
346
346
346
345
346
345
345
346
346
390
345
346
347
345
345
346
352
338
337
337
339
336
337
337
346
336
336
338
336
337
337
337
378
344
346
345
346
348
346
345
393
346
345
346
345
347
346
346
345
409
347
345
346
348
346
347
346
345
356
346
345
345
346
345
345
345
348
346
345
345
345
345
347
346
346
346
345
346
346
344
345
345
345
345
345
346
345
345
346
344
345
345
349
345
345
488
425
348
346
345
346
388
346
345
346
344
344
355
354
354
353
353
355
354
354
354
353
354
355
354
357
356
354
355
353
338
337
338
337
337
337
337
337
338
338
337
338
337
337
338
336
515
340
417
345
347
346
345
345
348
347
390
346
347
345
345
346
346
345
345
346
345
347
345
362
346
346
346
345
345
345
347
345
345
345
345
345
380
346
345
472
345
346
347
347
345
397
345
345
344
346
344
346
346
346
347
368
369
354
354
354
353
355
357
354
354
354
354
354
354
356
354
353
355
354
346
345
346
344
347
350
346
352
345
346
346
346
344
345
346
345
347
345
346
345
345
345
345
345
345
346
346
345
345
346
345
345
345
401
346
354
353
355
387
354
358
711
394
363
354
353
353
354
355
354
371
355
354
346
345
345
346
344
346
345
345
345
345
345
346
346
346
348
345
346
346
337
337
363
340
338
338
338
338
337
338
337
338
337
337
337
337
338
337
346
344
346
346
345
346
345
347
346
347
345
347
345
345
346
345
345
348
345
346
345
346
347
346
452
346
347
346
345
347
350
345
348
400
604
346
354
357
354
354
355
353
355
354
354
354
356
354
352
353
354
354
356
353
344
345
346
344
346
345
345
360
345
346
346
346
346
345
345
511
461
346
357
354
