143
141
143
143
142
142
141
143
142
142
143
141
140
140
141
142
143
141
142
141
139
140
142
140
140
142
140
142
143
140
140
142
140
141
142
142
143
201
191
179
143
142
263
184
143
143
140
142
141
140
142
142
140
142
142
144
143
145
146
145
146
146
145
148
147
147
144
144
145
145
144
144
145
145
170
141
142
143
139
141
142
139
140
144
141
143
141
143
144
142
141
141
142
141
142
141
141
142
143
141
141
142
142
140
192
142
140
142
141
142
140
137
139
143
140
139
138
138
138
137
139
139
137
139
139
138
136
138
153
142
142
235
143
142
142
143
144
142
141
145
143
142
143
142
141
147
144
144
146
144
146
145
146
144
146
145
145
145
146
145
145
145
143
138
138
137
185
139
140
138
137
140
138
139
175
140
140
140
140
137
137
145
144
145
146
143
147
147
144
145
145
146
146
145
146
145
145
147
146
142
140
142
142
144
141
141
140
142
144
142
140
142
141
141
141
142
142
141
143
143
143
238
144
143
141
141
143
144
141
142
141
141
141
141
143
145
145
144
146
145
147
147
146
146
146
149
145
145
145
144
144
146
143
140
145
142
141
142
141
141
140
144
144
142
141
166
142
144
142
145
145
196
155
140
142
141
142
146
143
143
141
142
141
142
142
143
142
142
142
141
142
140
141
139
142
143
141
142
140
143
142
144
142
141
141
141
141
145
144
184
148
146
143
144
139
145
141
186
162
147
142
145
145
148
146
146
143
147
145
145
178
144
144
144
147
146
162
146
143
145
142
140
142
142
141
141
143
142
139
142
183
145
142
143
143
139
143
143
141
143
142
143
145
143
142
141
144
142
142
142
141
141
141
141
141
141
142
142
144
142
142
143
141
142
141
143
141
141
141
187
143
141
143
141
142
142
140
142
142
142
140
144
219
143
145
140
142
143
140
141
143
140
142
142
142
143
142
141
140
142
141
142
144
142
187
147
143
142
144
141
143
141
143
140
142
142
144
142
219
143
141
142
142
143
144
141
139
140
142
141
143
140
142
141
141
141
142
140
142
202
140
141
143
142
141
142
140
142
141
142
143
142
139
145
160
140
150
143
142
147
147
145
148
145
146
145
186
161
145
145
147
145
146
143
145
147
144
141
141
141
140
143
141
181
143
142
141
142
141
142
142
141
141
140
141
141
142
143
142
146
164
143
143
140
144
141
144
142
141
142
141
185
145
146
145
146
146
146
147
147
144
145
146
142
147
145
147
144
146
140
142
142
140
143
141
141
140
141
140
139
142
144
143
142
143
144
141
143
141
143
143
142
142
141
142
142
141
142
143
140
142
141
140
144
141
140
140
140
143
143
143
141
185
141
141
143
143
142
142
143
140
143
147
141
181
142
144
143
140
141
141
140
140
142
140
142
143
142
142
142
142
142
142
142
146
140
141
142
141
141
142
142
143
141
142
142
142
140
138
138
138
137
137
137
140
137
138
137
137
138
137
140
139
137
138
139
137
138
137
138
138
141
308
140
142
138
138
140
138
139
137
138
140
137
143
140
141
140
144
142
139
142
143
145
143
141
142
188
162
141
142
142
140
142
142
144
142
142
140
143
140
144
144
145
142
141
141
141
143
142
138
138
136
137
138
138
232
137
139
137
138
140
139
137
138
141
140
139
136
138
203
137
139
137
139
137
140
137
139
139
138
137
139
138
139
137
138
137
138
142
139
138
139
141
137
139
137
137
140
139
253
140
250
139
143
140
141
142
142
140
141
141
141
145
254
142
141
142
143
142
144
143
143
141
142
143
143
141
142
142
140
142
141
142
142
143
140
144
142
142
142
137
139
139
138
138
137
137
139
140
138
138
141
139
141
140
141
140
139
143
141
141
143
141
141
143
140
142
142
140
142
141
140
142
142
141
140
139
138
139
138
137
138
139
137
138
138
140
161
137
138
137
138
138
138
138
139
136
137
139
138
139
139
139
138
138
140
138
138
137
138
138
139
137
138
137
139
138
140
138
138
138
137
138
138
139
137
138
137
140
139
138
139
137
140
142
186
160
141
138
139
138
136
137
140
139
251
140
137
140
141
142
141
142
140
140
142
141
141
141
143
142
142
140
143
145
141
142
140
141
142
144
142
141
143
140
140
142
141
142
142
141
140
142
142
141
142
142
142
143
141
140
141
141
140
140
142
140
144
142
142
140
204
141
145
142
143
142
140
142
142
140
142
144
140
143
143
141
143
140
141
140
142
141
141
142
143
143
141
141
141
142
142
143
140
143
141
141
142
143
