26
27
26
27
26
27
27
26
26
27
26
27
27
26
27
27
27
26
26
27
26
27
62
29
27
27
27
27
27
28
28
29
27
26
28
27
27
27
29
28
28
28
27
26
27
27
27
27
28
31
28
28
27
29
27
27
28
28
28
29
27
26
27
30
31
31
27
28
28
27
28
27
27
27
27
27
27
27
28
27
27
27
27
27
27
27
27
28
27
27
27
27
27
28
26
26
27
27
27
27
26
27
26
27
27
27
27
27
26
26
26
27
27
27
26
27
26
27
27
26
26
27
27
26
27
27
27
27
27
27
27
27
28
27
27
26
29
29
26
28
27
26
26
26
27
27
27
27
27
27
27
26
26
27
27
27
26
26
27
27
27
26
26
27
28
26
26
27
27
26
27
26
27
26
26
26
26
26
28
27
27
27
26
27
27
27
27
27
26
26
27
27
27
27
27
27
27
26
27
27
26
26
26
26
26
27
28
29
26
27
27
27
26
27
26
27
26
26
26
26
63
28
27
28
31
35
26
28
28
28
27
26
28
27
28
28
30
27
27
27
27
27
27
28
27
27
27
27
26
27
27
27
27
26
27
27
26
28
28
28
27
27
27
27
26
27
28
26
27
27
26
26
27
27
27
26
27
26
27
27
28
27
27
27
52
27
27
26
28
60
27
26
27
27
26
26
27
27
26
41
27
26
29
28
27
27
29
27
27
27
26
26
27
26
26
26
26
27
28
27
26
27
27
27
26
27
26
27
28
27
27
27
28
27
29
27
27
27
27
27
27
27
27
27
28
28
27
28
28
27
27
28
28
27
27
26
28
27
28
27
27
27
27
26
27
26
27
27
27
27
27
28
27
28
26
68
27
27
26
26
27
27
26
27
27
27
26
27
27
27
27
26
30
26
30
31
30
30
27
28
27
26
27
27
27
28
27
29
27
29
29
27
27
27
28
27
27
27
28
28
27
28
27
28
27
26
27
27
27
28
28
26
27
27
26
26
56
28
27
41
28
28
28
27
26
26
26
26
26
27
27
26
27
26
27
26
27
27
26
26
26
27
27
27
27
27
27
27
27
27
27
28
27
27
27
27
27
27
31
27
27
28
27
27
27
28
27
27
27
28
28
27
27
27
27
26
27
27
26
28
35
29
26
27
26
27
29
27
27
26
27
26
26
27
26
26
27
26
27
26
26
27
28
26
30
27
26
29
27
28
27
27
27
27
27
27
27
27
27
28
27
28
28
27
28
27
26
27
27
29
28
27
27
27
27
27
27
28
54
31
31
27
27
26
27
27
27
28
27
28
27
27
27
27
27
28
28
27
28
27
27
27
27
27
27
27
27
27
27
27
29
28
27
27
26
26
26
27
27
27
27
27
26
27
26
26
27
26
27
27
27
27
26
27
26
27
27
27
27
26
27
26
27
27
27
27
27
26
26
70
27
26
26
26
26
26
26
27
26
32
27
26
27
29
27
26
26
26
34
27
27
26
26
26
27
28
43
27
28
26
26
27
26
27
27
27
27
27
29
27
27
27
28
28
27
27
27
27
27
27
27
28
27
31
27
27
27
28
28
28
28
27
27
27
27
26
26
26
27
26
27
27
26
27
26
26
27
27
26
26
26
27
27
28
27
26
27
26
26
27
27
27
27
27
27
27
26
27
27
27
26
27
26
26
26
27
27
26
26
27
27
27
26
27
27
26
26
27
26
27
26
27
26
26
27
28
26
26
26
26
27
26
27
26
27
27
26
27
28
26
27
26
27
27
26
26
27
26
26
26
27
26
28
26
27
26
26
27
26
27
27
27
27
26
27
28
26
28
26
27
26
72
26
26
26
27
27
27
26
27
64
26
27
27
27
27
26
26
27
27
27
26
27
27
26
26
27
27
27
26
27
28
27
28
28
26
27
27
27
27
28
27
26
27
28
28
27
27
27
28
27
29
30
27
27
27
28
27
28
28
28
27
27
26
27
26
27
27
26
26
27
27
26
26
28
27
27
27
27
27
27
26
26
26
27
27
63
26
27
28
27
26
26
26
26
27
26
27
27
27
26
27
26
26
26
26
27
26
26
26
27
26
27
27
26
26
27
27
26
27
27
26
26
26
27
27
26
27
26
26
27
27
27
27
28
26
27
27
27
26
26
27
26
26
26
26
26
26
27
26
26
27
27
27
27
26
27
27
27
28
27
27
26
27
27
27
26
26
27
26
26
27
26
33
27
28
27
27
26
26
27
26
27
26
26
27
27
26
27
27
26
27
27
27
27
27
27
26
27
27
