41
41
41
42
41
41
42
41
62
42
41
42
41
41
43
41
41
41
40
41
41
41
41
41
41
41
41
41
40
40
42
41
41
40
42
41
41
41
42
41
41
40
41
41
41
43
41
40
41
42
41
41
41
41
41
47
42
42
44
42
41
41
41
41
41
42
41
41
42
41
40
41
41
42
41
41
41
40
41
41
41
41
41
41
41
42
41
42
41
41
41
41
40
42
41
42
40
42
42
41
40
41
43
41
41
40
41
41
41
41
43
42
41
40
40
41
41
41
41
41
41
40
40
41
43
41
41
43
42
41
41
42
41
41
41
41
40
42
41
41
42
40
41
42
42
41
41
41
41
41
41
41
41
41
41
41
41
42
41
41
41
40
41
41
41
41
41
41
41
41
41
41
41
42
42
40
42
40
42
41
41
40
40
41
41
41
41
40
41
41
41
41
40
43
41
41
41
40
40
40
41
40
40
41
40
41
42
41
42
42
43
41
41
41
41
41
42
40
41
41
41
42
41
42
40
42
41
41
42
41
41
41
41
41
41
40
42
40
41
40
41
41
41
41
41
42
40
41
41
41
41
41
41
41
41
41
41
41
42
41
41
41
43
40
42
42
41
40
41
41
41
41
41
40
41
41
41
41
41
41
42
42
42
41
40
42
41
41
41
40
41
41
55
57
58
59
56
56
55
54
54
51
50
49
47
48
48
46
43
41
41
40
42
41
41
41
41
41
41
41
41
41
41
41
44
41
42
41
41
41
40
43
43
79
41
40
41
41
42
41
41
41
42
41
41
41
42
69
54
49
48
47
48
47
46
46
41
41
42
41
43
41
41
43
42
41
41
42
41
41
41
41
42
42
42
41
43
41
42
42
41
42
41
40
41
42
42
41
43
41
40
42
40
43
41
41
41
41
41
42
41
41
42
41
41
41
41
41
41
41
41
41
40
41
41
41
42
41
41
42
40
41
42
41
40
42
41
41
41
42
42
41
41
41
41
41
41
41
41
41
41
42
41
41
41
41
41
41
41
41
41
41
41
42
41
42
40
41
42
40
42
93
41
42
41
41
41
41
41
42
42
40
42
41
41
41
40
41
42
41
42
41
41
42
41
40
41
41
42
41
41
41
41
41
41
41
42
41
41
41
42
41
41
41
41
42
41
41
42
42
42
40
41
43
40
41
41
42
41
41
41
40
47
41
41
42
42
40
41
41
41
41
43
41
42
41
41
41
41
42
41
41
43
41
42
41
41
41
41
41
40
41
41
41
40
41
42
41
41
42
42
42
41
43
40
43
41
42
41
42
41
41
42
41
41
41
41
43
77
43
42
42
42
42
41
42
43
41
41
42
42
41
41
42
40
41
41
40
40
41
41
41
42
42
42
42
42
41
44
42
43
42
41
41
41
43
42
42
42
42
42
42
44
44
42
42
42
43
43
41
43
42
43
41
42
41
42
40
41
42
41
41
41
42
41
40
41
41
41
42
41
41
41
43
41
41
42
67
53
43
41
42
42
42
42
42
41
42
43
43
42
42
42
43
43
43
42
42
43
42
42
42
42
44
42
42
42
42
42
41
42
41
41
43
41
40
41
41
41
42
42
41
41
42
41
42
41
40
42
41
41
41
42
42
42
43
42
43
42
43
42
42
42
42
41
42
42
42
43
43
43
42
42
42
42
43
41
42
43
43
42
42
41
42
43
41
43
41
42
42
42
42
41
40
41
41
41
41
41
41
41
42
43
42
42
42
40
41
41
41
42
42
42
40
42
41
41
41
41
40
87
41
43
41
41
47
41
41
41
41
40
41
42
42
43
42
42
42
41
40
41
41
43
41
41
41
41
41
41
42
42
41
42
41
41
43
42
42
42
42
50
43
41
42
42
41
41
41
42
42
42
42
42
42
42
42
41
43
42
42
41
41
42
41
41
41
42
41
41
43
41
41
40
41
41
40
41
41
41
41
42
41
41
41
42
41
40
43
45
42
41
42
41
42
41
43
42
41
41
41
41
41
42
41
41
41
41
40
41
42
42
41
41
40
41
41
41
41
41
41
42
44
41
42
42
43
43
42
42
41
44
42
43
41
42
42
42
41
43
44
42
42
42
42
43
54
43
42
44
44
42
42
41
42
42
42
41
42
43
43
43
44
44
42
42
43
43
42
42
42
41
42
43
42
41
42
42
42
42
42
42
44
43
42
42
42
43
42
42
43
42
42
43
41
42
42
42
42
42
41
42
42
42
43
42
42
42
42
41
41
42
44
42
42
41
41
40
42
41
41
