45
45
46
45
45
45
44
45
47
45
44
45
65
65
92
46
45
46
47
46
46
46
48
46
46
48
47
46
91
51
51
45
46
47
46
45
46
46
47
46
47
46
46
44
45
45
45
44
45
45
44
44
45
45
44
48
45
44
45
44
46
44
45
45
45
45
45
46
45
44
44
46
45
44
46
44
45
46
45
45
45
46
44
45
45
44
44
44
44
44
44
45
46
46
45
46
45
45
46
45
45
45
46
45
45
46
44
45
45
45
45
46
46
45
45
44
44
69
45
45
45
46
45
44
45
44
44
44
44
45
45
45
45
46
44
45
45
46
45
45
45
45
46
45
45
44
45
45
44
45
81
47
45
45
46
46
46
45
46
46
45
45
45
46
47
46
46
46
46
45
45
46
46
45
48
46
47
46
47
46
45
46
45
44
44
45
46
45
44
45
45
46
46
46
45
46
47
44
46
45
44
46
45
44
45
45
49
88
44
46
48
46
47
46
46
46
47
46
105
46
47
48
45
45
46
45
45
48
46
47
46
45
46
47
46
47
47
46
46
46
45
46
46
46
46
46
46
47
47
46
46
46
47
45
46
46
45
46
45
46
45
46
47
45
45
45
45
44
45
44
45
44
47
44
45
48
45
46
45
46
45
45
45
45
44
45
45
46
45
45
44
44
46
44
45
45
44
44
44
44
46
45
45
45
46
45
45
44
45
44
45
47
54
46
82
44
44
44
44
46
45
45
45
45
45
44
45
46
59
46
45
44
45
44
45
44
45
45
45
46
45
46
46
47
47
45
44
45
45
45
46
45
45
45
44
45
82
46
46
45
44
45
46
44
44
45
44
44
45
47
46
45
44
46
45
46
46
48
46
46
46
46
46
46
47
46
46
46
46
46
45
46
46
45
45
47
46
46
45
46
47
59
91
46
44
45
47
51
51
46
45
44
45
45
45
45
46
44
46
44
45
46
45
45
46
45
45
45
44
45
46
45
45
46
45
46
46
46
49
46
46
47
46
46
46
46
46
46
46
46
46
46
46
46
45
46
45
45
46
45
46
46
45
47
47
46
46
45
48
47
47
45
46
46
46
47
48
49
46
45
46
45
46
45
47
45
44
44
46
45
45
45
45
46
69
44
45
45
44
45
44
45
45
45
45
45
46
120
45
48
45
49
46
48
46
47
46
45
46
46
47
47
101
46
45
47
46
46
45
46
47
48
47
46
46
46
47
46
46
45
46
46
46
46
48
46
45
45
46
46
46
46
46
46
46
47
48
47
46
46
46
47
48
47
46
45
47
46
46
46
47
46
46
45
45
46
45
47
46
46
45
45
45
46
48
46
46
46
46
46
45
45
46
45
45
44
45
45
45
45
45
45
45
45
45
45
44
46
44
45
45
44
45
46
45
45
44
46
45
45
45
44
45
45
47
44
45
44
45
44
45
44
44
45
45
44
45
44
46
46
45
45
44
45
45
45
45
45
46
45
44
44
45
45
45
45
47
44
44
45
44
44
45
44
46
44
45
45
45
44
45
46
61
45
45
45
47
46
45
45
45
46
46
45
45
45
45
45
45
44
44
45
46
45
45
45
44
46
44
45
45
45
45
45
45
45
45
45
44
46
73
45
45
45
44
46
49
46
45
44
45
46
45
45
45
46
45
102
46
46
46
45
46
46
46
46
45
46
47
45
45
45
46
46
46
46
45
46
46
47
46
46
46
45
47
45
47
46
46
46
44
45
44
45
44
45
45
44
45
46
63
44
46
44
45
45
47
59
45
44
44
45
44
45
45
46
44
46
45
46
46
47
46
47
47
47
46
45
45
47
46
46
46
46
45
46
45
46
47
48
45
46
45
46
47
45
45
45
60
45
46
45
45
44
45
44
44
73
45
45
44
44
45
47
44
45
45
45
60
45
62
45
46
46
47
45
46
46
46
46
45
45
47
47
48
46
45
48
46
46
47
46
45
46
46
46
46
48
46
46
46
44
45
46
46
45
45
44
45
45
50
44
44
44
44
46
45
51
45
44
47
45
45
45
45
44
45
44
45
44
45
44
45
45
45
44
44
45
47
45
45
45
45
44
46
45
45
45
45
45
44
45
45
45
46
45
48
45
45
45
46
47
45
46
45
47
46
46
46
46
46
46
46
47
45
45
46
46
46
46
47
47
47
45
44
44
44
59
45
44
45
46
44
47
45
45
46
44
44
45
46
45
45
45
45
45
45
44
45
44
45
44
44
45
44
44
45
45
44
45
45
59
44
45
46
47
45
45
44
45
