63
64
64
63
64
64
63
63
63
64
63
64
64
64
63
64
63
62
107
64
66
63
62
63
62
64
64
64
63
64
63
63
63
64
63
63
64
62
63
64
64
63
63
63
64
62
63
64
63
63
63
63
63
64
65
63
63
64
64
62
64
64
62
61
61
62
63
61
61
62
63
62
62
62
62
63
61
62
100
63
61
63
63
94
62
62
64
63
62
63
63
64
64
63
63
64
64
130
72
63
63
63
63
64
63
63
64
65
63
63
64
63
63
62
63
63
64
63
63
64
63
62
63
64
64
64
65
64
63
63
63
64
107
64
63
63
63
64
63
65
66
64
66
64
65
64
65
65
65
65
65
65
65
66
65
67
65
65
65
66
64
65
65
67
65
66
64
63
64
63
63
64
64
62
64
63
63
64
63
63
63
63
63
63
64
63
63
64
63
64
63
64
63
64
64
64
63
63
63
63
63
63
66
64
63
63
66
63
64
64
64
63
63
62
63
64
63
63
63
63
63
64
151
63
62
63
65
64
63
64
62
63
64
74
64
64
63
64
64
64
65
63
63
66
63
64
63
63
63
63
63
63
62
64
65
64
63
63
64
64
63
65
65
64
64
64
63
82
64
63
64
62
63
63
64
64
64
63
63
63
63
65
63
62
64
63
63
64
63
66
64
63
64
63
63
64
63
64
64
64
63
63
63
64
65
64
63
63
63
64
64
63
63
62
63
64
64
64
63
64
66
64
64
63
63
63
63
63
64
64
64
63
63
64
63
63
64
63
94
63
63
63
63
64
63
66
63
64
63
63
63
62
63
63
63
64
63
64
63
64
63
63
64
64
64
64
66
63
63
65
63
64
64
64
63
63
63
63
64
64
63
64
63
63
64
63
64
63
64
63
64
64
64
65
65
64
64
64
63
64
64
64
63
63
63
65
63
64
64
65
63
64
63
65
63
63
64
63
63
64
63
138
63
63
63
63
63
63
63
64
63
63
63
64
63
64
64
62
63
73
63
64
63
63
64
64
63
64
67
66
64
63
63
66
64
63
63
63
64
64
63
64
63
65
64
63
64
65
64
64
64
67
63
63
64
63
63
64
64
65
65
64
65
66
66
64
65
64
65
65
65
66
65
64
66
65
66
65
64
66
66
65
66
66
64
77
64
64
64
63
63
63
64
63
64
63
64
63
64
64
63
64
63
64
63
63
64
64
64
66
64
64
63
64
63
65
64
63
62
64
64
64
63
63
63
63
63
63
63
63
64
63
63
64
64
63
64
64
63
63
63
63
64
64
64
65
64
64
65
63
63
82
64
62
65
63
64
65
63
124
66
64
64
65
65
65
65
66
64
65
65
64
66
68
66
64
65
66
65
66
66
66
65
65
65
66
67
67
65
65
63
64
63
63
64
63
63
63
64
63
64
63
63
63
64
63
64
64
64
64
63
64
80
102
64
66
65
65
66
66
65
64
64
66
64
65
65
64
65
65
64
65
65
65
66
65
65
66
67
66
65
63
65
64
63
63
63
64
65
64
63
63
63
64
63
64
64
64
72
84
74
73
64
63
63
64
64
65
64
64
64
64
64
64
64
63
63
64
64
63
64
63
63
63
63
63
65
64
64
64
63
64
63
64
64
64
66
64
64
63
64
64
63
63
64
63
64
63
63
63
63
63
63
63
64
64
64
63
65
65
65
65
66
65
65
65
67
64
65
64
64
67
66
65
65
64
67
67
65
65
65
64
65
65
63
63
64
64
64
64
64
66
63
63
63
62
64
64
63
64
64
64
64
64
63
63
64
66
63
63
63
63
65
64
63
64
64
64
62
64
64
64
64
63
64
64
64
63
64
63
63
63
63
63
62
64
63
63
64
63
63
64
64
63
63
64
63
64
63
62
63
63
65
62
62
63
64
63
64
63
63
65
63
63
64
64
64
63
64
63
107
63
64
63
64
63
64
66
63
110
66
63
66
63
64
63
63
63
64
65
63
63
63
63
63
63
63
67
63
63
64
64
63
63
63
63
63
63
63
64
63
63
63
63
63
62
63
64
63
65
65
64
63
62
64
64
101
64
63
65
64
105
64
67
65
63
63
64
63
67
64
66
65
64
66
64
65
66
65
65
65
66
65
65
65
66
64
65
65
66
65
65
65
65
65
66
65
63
65
63
62
64
63
62
64
64
63
64
65
64
64
63
63
63
63
63
63
63
63
63
63
63
62
64
63
64
63
63
64
63
63
64
64
64
63
63
63
63
63
63
64
65
63
66
64
63
64
63
63
63
