67
67
66
67
67
84
68
66
67
67
67
67
67
66
66
69
67
66
66
67
67
67
68
69
69
68
69
69
68
68
68
69
69
69
70
68
68
68
132
68
68
68
68
68
70
70
69
66
66
66
67
67
67
66
69
67
67
66
126
66
67
66
66
67
67
66
67
68
67
67
67
69
68
71
68
68
68
68
68
69
69
68
70
68
68
68
68
69
67
68
69
69
68
68
68
69
66
66
66
66
67
67
67
65
66
68
67
68
66
67
66
68
77
66
67
68
67
68
66
66
67
65
66
66
68
66
66
67
67
66
66
66
67
66
68
67
66
67
67
67
67
67
67
66
67
68
66
67
117
66
67
67
67
66
66
67
68
67
68
67
67
69
67
68
101
67
67
66
67
66
68
66
67
66
67
67
68
69
67
67
66
67
67
67
67
106
67
68
66
67
69
67
66
66
67
67
68
66
66
67
67
66
67
68
66
66
67
68
67
67
66
133
66
67
66
66
66
66
67
67
67
67
66
66
67
68
67
66
66
67
66
66
66
67
66
67
67
66
68
66
66
67
67
68
66
67
66
67
67
67
67
66
66
66
68
66
68
66
66
66
66
66
67
67
67
66
66
67
66
67
67
67
68
66
68
67
67
67
67
66
66
67
67
67
67
68
67
66
69
67
66
67
69
67
66
66
66
66
68
67
66
67
66
68
67
66
67
68
67
66
67
66
66
68
67
67
69
68
67
66
66
67
66
67
66
66
67
68
66
67
66
68
67
67
67
66
67
67
67
68
68
67
67
68
66
67
66
67
68
67
68
67
66
67
67
66
67
66
67
67
66
67
67
67
67
66
66
66
68
66
67
68
67
66
68
66
67
67
67
67
66
67
67
66
67
67
67
67
67
68
66
66
68
68
67
67
68
66
66
66
66
67
66
67
66
67
67
67
67
68
67
67
66
68
66
68
67
67
66
68
67
66
67
67
66
67
67
67
66
66
67
66
66
66
67
66
69
66
67
66
102
66
67
66
67
66
67
66
67
66
67
67
69
67
67
67
67
66
66
67
66
137
88
77
67
67
66
67
67
68
66
66
66
69
67
66
66
68
66
67
66
66
67
67
66
67
67
66
66
66
67
67
67
68
67
66
66
67
67
66
66
66
67
67
66
69
66
66
67
67
67
66
66
67
66
68
66
66
66
66
66
67
67
66
67
67
67
67
67
67
67
67
66
68
67
66
67
66
67
66
65
67
67
67
67
68
67
67
66
66
66
68
67
67
68
66
67
67
66
67
67
69
67
67
67
67
67
67
66
67
68
68
67
67
66
66
67
68
67
67
68
67
66
67
66
67
66
67
66
66
66
67
67
68
66
68
67
66
66
66
67
66
67
66
66
66
67
67
68
65
66
67
66
67
67
67
67
67
68
67
66
66
67
66
67
67
68
66
66
66
67
68
67
66
67
67
68
67
66
67
66
66
67
67
69
67
66
68
67
67
66
67
67
69
67
66
66
67
68
66
68
67
66
68
67
66
68
66
67
67
69
69
66
66
66
66
69
67
67
67
67
66
67
66
67
67
67
67
67
66
67
67
68
68
66
67
68
67
67
69
67
68
66
67
67
66
67
67
66
67
67
68
67
67
67
66
69
66
66
67
66
66
66
66
68
66
67
67
68
67
66
67
66
66
67
66
67
67
66
66
66
66
66
66
67
66
67
66
67
66
66
67
67
68
67
67
67
66
66
66
66
68
68
67
68
67
66
67
67
66
68
67
96
67
67
67
68
67
67
68
67
66
66
67
68
66
67
66
67
67
67
67
67
67
66
67
66
66
129
68
68
67
69
67
67
67
67
66
66
67
66
67
66
66
66
66
68
66
68
67
72
67
66
67
66
67
113
67
67
68
67
67
67
66
67
67
67
67
67
66
67
66
67
66
67
67
68
69
66
66
67
66
67
66
67
69
66
89
76
69
69
68
66
66
66
68
68
67
67
67
66
66
66
68
68
67
66
68
67
68
66
66
67
66
66
67
66
67
68
70
67
67
67
68
67
66
67
68
111
68
67
69
69
68
66
67
67
66
67
66
66
66
68
67
67
67
67
66
67
68
67
67
66
67
67
67
66
67
67
67
66
66
67
67
68
67
66
66
67
66
67
66
66
66
67
67
67
66
68
67
67
67
68
67
69
66
66
67
67
69
67
67
67
67
67
66
66
67
67
67
67
66
67
67
83
69
68
67
70
67
66
67
67
68
68
67
69
68
67
67
67
68
68
67
68
69
68
67
70
67
