71
70
71
72
118
70
71
72
70
71
70
71
71
71
70
70
71
71
71
71
86
72
72
71
71
70
73
74
72
73
72
72
72
73
72
74
72
73
72
73
73
71
72
73
72
72
73
88
72
70
71
70
70
70
71
72
71
75
70
71
71
71
80
70
71
71
70
71
70
71
74
70
70
72
71
71
71
70
70
70
71
71
71
71
72
71
70
70
70
72
70
71
72
72
71
71
71
104
89
73
71
70
73
71
70
71
72
70
70
71
70
70
71
70
70
71
71
73
72
71
70
72
71
71
70
71
72
70
71
70
72
71
143
71
71
72
71
74
71
70
71
71
71
70
71
71
71
70
71
70
70
74
70
71
73
72
71
72
70
70
71
70
71
72
71
72
73
70
71
71
71
71
70
71
72
70
71
71
70
73
71
70
70
114
74
72
71
70
70
70
72
71
71
70
70
70
70
70
70
71
70
72
71
72
70
72
71
71
70
72
70
70
70
71
70
71
71
71
70
71
71
73
70
70
71
70
73
71
70
71
70
70
71
70
70
70
71
72
72
70
71
114
71
72
69
70
71
70
129
72
72
71
71
72
70
71
70
72
71
71
132
71
72
70
72
72
71
71
71
70
74
71
71
70
72
70
70
71
71
71
73
70
71
71
70
70
70
71
70
71
71
71
70
70
71
70
71
72
71
70
70
71
71
70
71
71
71
71
71
70
71
70
73
70
71
71
70
71
72
71
71
70
70
70
70
71
71
71
70
71
70
71
71
70
71
71
70
72
71
71
70
71
71
70
71
70
70
70
69
70
71
70
72
71
71
71
70
71
71
70
70
70
71
72
72
70
71
71
72
72
71
70
70
71
72
71
70
70
71
137
71
70
71
71
70
70
70
70
71
70
70
71
71
71
70
70
71
70
77
71
70
71
70
71
72
70
70
74
72
72
71
72
72
71
72
70
72
71
71
71
71
71
70
71
71
71
71
71
71
71
70
70
71
70
71
71
71
70
71
70
71
70
72
70
71
70
71
70
72
71
71
72
70
71
72
71
72
70
70
71
71
70
71
71
70
70
74
71
70
70
72
71
70
71
70
70
70
70
73
70
70
124
71
71
70
71
70
71
71
72
70
70
72
70
71
72
71
70
70
70
70
71
71
72
73
71
70
71
71
70
72
71
70
70
71
71
71
70
72
70
71
70
71
70
71
70
71
70
71
71
71
70
71
70
70
69
69
69
70
68
70
68
69
69
70
70
68
70
72
70
69
69
70
70
69
70
68
70
72
71
71
70
72
70
70
71
71
70
70
70
71
71
71
72
71
71
71
74
72
71
70
72
72
70
71
71
70
70
71
71
70
71
70
70
72
73
71
71
70
70
71
70
70
71
70
70
70
71
70
73
70
71
70
71
70
70
71
71
71
72
70
72
71
70
71
71
70
71
70
70
71
70
70
71
113
72
74
71
71
71
71
70
72
71
70
72
71
71
71
73
72
72
72
71
72
73
72
72
72
73
72
72
72
72
73
73
72
71
72
71
73
73
72
71
70
70
72
71
71
70
70
72
71
71
70
70
71
70
70
71
71
72
70
72
117
70
71
71
70
71
71
72
70
70
71
71
70
74
71
72
108
70
71
71
71
71
70
72
72
72
73
72
72
73
94
74
72
71
73
73
74
73
73
73
74
73
74
72
73
72
71
72
72
71
70
71
71
71
70
71
70
90
72
72
71
71
73
71
70
71
72
70
70
70
70
70
71
70
70
71
71
72
72
70
70
71
71
74
72
71
71
86
71
71
71
74
72
72
72
73
73
72
73
72
73
72
74
72
73
72
72
72
71
72
73
72
72
72
71
70
71
71
72
71
73
71
71
72
71
70
70
70
71
71
73
73
72
70
72
71
71
89
71
71
73
71
71
71
72
70
70
72
71
81
72
71
70
72
72
73
71
70
73
73
72
72
73
72
73
72
72
72
72
73
72
73
72
73
73
73
72
74
73
72
73
72
70
123
72
72
71
71
70
70
72
71
72
71
70
72
70
72
70
71
70
70
70
72
72
71
70
71
92
72
70
71
70
70
71
70
71
71
70
71
70
71
71
72
71
71
70
72
72
70
71
73
72
71
75
70
72
70
71
71
70
71
71
71
71
73
71
72
71
71
72
72
74
74
73
72
71
72
73
73
72
72
74
72
73
72
73
74
72
72
73
73
71
70
70
71
70
71
72
70
71
72
70
70
71
71
71
70
70
71
72
71
70
70
72
71
70
70
72
72
70
71
71
73
113
72
