96
96
97
98
98
97
96
97
99
96
99
99
99
100
100
98
101
99
100
100
100
98
99
100
99
99
99
100
99
99
99
99
97
97
98
95
95
98
97
97
97
100
98
97
97
97
96
98
97
173
96
97
96
97
96
96
98
97
97
97
97
99
96
96
98
97
97
97
96
97
158
98
96
97
98
98
100
99
99
102
98
100
100
98
99
100
99
98
98
99
98
100
99
99
100
97
96
96
97
97
96
96
98
96
96
98
96
96
96
97
96
97
96
96
96
98
97
97
96
97
97
96
98
96
97
98
97
97
96
97
96
98
96
97
96
96
96
95
96
93
94
96
96
94
94
94
94
165
128
95
95
95
96
97
95
94
96
174
94
99
98
102
101
98
99
98
99
99
98
99
99
98
98
100
98
98
98
98
99
99
98
98
96
96
96
97
96
96
96
97
96
95
96
97
96
97
96
98
96
97
96
96
96
96
96
96
96
96
97
96
96
96
97
97
96
98
99
97
98
96
96
98
97
98
97
95
97
96
97
96
139
97
96
97
96
97
97
99
97
97
98
97
95
96
97
98
97
96
96
96
96
97
97
96
96
97
96
97
99
97
99
100
97
100
97
96
96
96
97
96
97
97
133
149
100
97
96
96
97
96
98
98
96
96
97
98
97
99
98
99
98
98
98
99
98
101
99
98
100
98
100
100
100
137
99
99
100
99
96
97
96
152
98
97
96
97
96
96
97
97
97
98
95
98
97
97
98
97
99
98
97
96
97
97
96
96
98
147
110
101
97
96
97
96
97
96
97
97
97
96
96
197
129
109
99
100
99
99
99
98
99
99
100
98
99
100
99
99
120
99
99
98
98
98
97
96
97
97
97
95
96
97
98
96
98
97
98
96
96
96
98
96
100
100
101
99
98
127
110
99
98
99
99
98
99
99
99
98
98
102
98
120
96
97
96
98
107
104
105
96
98
97
95
96
97
97
97
97
96
95
96
96
98
96
96
96
98
96
97
96
96
97
97
96
97
97
97
97
96
98
96
140
97
97
101
98
101
98
100
98
99
99
98
99
98
98
99
99
99
100
100
99
99
98
98
100
97
96
168
96
96
97
96
97
96
95
96
96
97
96
96
96
97
98
96
96
95
96
97
97
98
98
95
97
98
96
97
99
96
96
96
97
99
96
96
164
98
96
96
99
98
96
98
101
97
97
97
97
97
97
97
97
96
96
96
102
96
97
96
96
97
96
96
95
97
97
167
97
99
96
96
97
96
97
96
97
102
96
96
97
96
96
97
96
97
97
96
96
96
96
97
97
97
97
97
96
96
97
97
98
97
96
96
96
96
97
102
97
109
100
135
96
97
96
97
97
97
96
96
97
96
96
97
96
96
97
95
97
96
97
98
96
96
97
99
96
96
96
96
96
97
96
95
96
96
98
98
98
96
96
97
97
96
156
96
98
98
97
97
97
98
96
99
96
95
97
96
97
99
96
96
98
96
98
96
97
98
96
96
96
96
97
97
96
98
96
172
98
98
95
96
95
97
96
99
96
97
96
97
97
96
97
96
97
100
97
96
96
96
98
96
97
96
97
95
96
96
97
97
96
96
95
96
97
96
97
96
97
98
97
97
96
97
96
96
97
97
96
96
97
97
97
96
97
97
98
96
111
98
149
96
134
97
97
96
96
111
96
96
97
96
97
97
96
95
96
97
97
114
97
98
97
96
97
97
98
96
97
96
97
95
96
96
97
97
96
98
98
97
98
96
95
97
97
96
97
97
97
96
96
96
97
96
96
96
97
96
97
96
97
99
96
147
98
99
100
96
96
95
98
96
98
96
98
97
97
119
97
96
97
96
95
97
96
97
97
97
97
96
97
96
97
97
97
96
97
97
96
96
98
96
95
96
97
96
96
98
97
97
98
97
106
98
96
96
97
96
97
97
97
97
96
98
96
96
97
98
96
97
98
97
98
96
96
96
143
96
98
96
96
96
96
97
96
95
96
97
96
96
98
97
96
96
97
97
96
96
96
97
98
97
96
96
97
96
96
98
97
97
96
96
98
98
96
96
98
96
104
97
96
97
97
96
97
97
97
96
96
97
96
96
99
97
97
96
95
96
99
97
100
100
96
96
96
96
98
97
99
99
96
97
97
96
97
97
96
96
97
97
96
98
97
97
97
96
96
97
98
95
97
98
96
95
97
96
98
99
96
97
97
96
96
96
96
98
98
97
98
96
96
97
198
127
109
97
99
97
96
97
97
97
96
96
154
98
96
96
96
96
97
