109
108
108
109
109
108
108
110
110
167
109
110
108
109
109
110
107
109
108
108
109
109
111
108
108
109
112
109
108
108
109
108
108
109
109
110
108
112
108
112
109
108
109
109
109
109
108
107
108
107
108
108
109
110
108
109
153
113
108
108
108
107
109
110
110
108
108
109
107
108
109
108
109
105
109
107
108
107
109
108
109
112
114
108
109
108
108
108
109
108
109
110
112
108
108
109
108
108
107
108
152
110
107
108
109
110
109
109
109
109
199
111
108
109
108
108
108
109
107
109
109
110
107
110
108
108
109
109
109
110
107
111
108
108
107
109
110
108
110
108
109
107
108
109
109
108
108
107
109
108
108
108
107
108
109
107
107
110
108
109
109
110
107
108
108
108
110
108
108
108
109
109
109
107
109
109
108
109
109
108
108
108
108
108
107
110
108
108
108
108
109
108
107
108
107
108
109
110
109
108
108
108
108
109
107
109
108
108
109
108
108
108
110
109
110
109
107
111
110
107
109
109
108
109
112
137
163
107
220
110
108
107
108
108
106
108
108
108
108
108
108
110
110
110
108
108
107
107
110
110
109
107
108
110
109
109
107
108
153
107
108
109
109
106
106
110
109
114
110
109
107
111
108
108
108
108
108
110
108
108
108
108
110
108
109
109
107
108
107
107
108
108
110
109
109
108
107
108
108
108
107
110
108
108
109
108
109
108
108
111
107
108
112
108
108
108
110
109
109
109
107
109
190
108
107
110
109
109
109
108
110
108
109
108
108
108
108
107
108
111
108
108
110
108
108
108
108
112
108
110
110
109
108
108
108
109
108
108
109
108
107
108
108
108
109
108
108
111
109
109
108
108
108
109
110
108
110
109
109
109
111
108
107
108
109
108
109
110
109
108
109
109
108
109
110
108
109
107
111
108
109
109
109
109
109
108
107
108
108
109
108
107
109
108
110
111
108
110
156
110
108
108
109
109
108
108
108
109
108
109
108
108
108
111
107
108
109
108
108
109
110
107
108
108
109
108
109
108
155
108
110
109
108
108
107
107
110
111
110
108
109
131
116
126
123
124
113
109
107
109
109
110
108
108
109
110
107
110
108
111
108
110
111
108
109
111
108
106
106
109
108
226
142
123
110
109
108
111
109
107
109
108
108
109
109
109
108
113
109
108
109
109
110
109
109
109
108
109
179
110
110
110
110
109
108
109
108
108
107
110
109
110
108
110
108
108
110
110
109
109
108
110
112
108
109
107
109
107
109
108
108
108
107
109
109
108
107
109
108
109
137
108
110
109
109
108
109
107
108
108
108
108
109
108
105
108
109
110
108
108
109
109
107
109
110
109
108
110
107
109
148
143
123
114
109
109
110
108
108
108
116
108
110
110
109
110
110
108
110
108
109
108
109
122
115
112
109
109
109
111
109
109
111
110
107
109
107
109
108
107
108
107
109
108
108
110
108
108
151
107
108
166
108
112
109
108
108
109
110
108
109
109
110
108
108
108
108
109
110
108
109
109
108
109
110
111
107
110
109
108
109
108
108
108
109
109
111
108
108
108
108
109
108
110
110
117
109
108
109
108
109
108
108
155
229
108
108
109
108
109
109
107
109
108
108
155
108
109
108
111
110
109
110
108
108
108
108
109
109
108
108
108
107
107
108
110
109
110
108
108
109
109
109
107
108
109
108
108
109
108
108
110
109
109
108
110
108
109
108
108
107
108
109
108
108
108
108
107
111
108
108
111
110
110
108
109
108
108
108
107
139
111
107
109
108
109
111
108
109
107
107
109
108
109
108
108
109
108
110
109
109
108
108
108
107
109
109
108
109
109
108
110
108
108
108
107
109
109
108
108
108
109
108
110
107
109
108
109
110
105
107
105
108
105
108
105
106
106
105
108
105
105
106
106
105
106
106
106
106
109
109
110
109
108
108
109
109
108
108
108
113
108
108
108
108
109
110
108
107
110
108
110
109
108
108
109
110
109
107
108
108
110
109
111
107
108
108
110
109
109
108
108
107
110
108
110
108
109
110
108
108
107
109
108
108
108
110
108
108
107
111
108
107
109
108
107
108
109
108
109
109
108
186
108
107
107
108
157
110
113
112
113
111
111
114
111
111
112
110
111
112
111
110
110
112
110
111
111
111
107
112
109
109
110
108
107
109
109
108
110
109
109
110
110
107
108
109
109
108
108
109
109
108
108
108
108
108
110
108
110
107
109
126
109
108
109
111
110
108
111
109
110
111
110
111
111
113
111
110
110
111
111
111
110
110
113
111
110
111
108
