135
134
141
137
135
132
267
132
135
134
138
133
133
134
161
134
134
136
138
136
137
135
135
136
136
142
139
137
140
136
136
137
139
137
138
138
136
136
136
138
138
137
138
137
138
136
136
136
136
138
140
136
163
137
138
135
132
132
133
136
133
132
133
136
133
132
135
132
136
134
134
133
163
136
137
134
137
132
135
133
133
132
135
133
136
135
133
131
133
139
133
178
135
138
138
133
136
135
138
137
221
132
134
133
204
133
135
151
141
146
136
136
139
141
139
136
140
136
137
139
137
136
136
135
138
139
136
137
139
136
172
140
141
139
136
135
136
136
140
140
141
137
138
135
134
137
139
138
135
135
144
142
135
133
134
139
137
136
132
134
132
135
132
134
132
135
138
138
136
139
139
136
138
142
136
140
138
136
137
134
136
153
139
139
138
135
135
135
197
135
132
135
186
133
134
132
138
132
135
132
135
133
137
135
133
268
133
133
137
133
133
135
135
137
132
134
134
135
133
170
133
139
138
139
139
134
138
140
140
137
138
135
138
137
136
134
138
138
139
138
135
133
135
132
132
134
133
133
135
135
136
136
133
136
135
132
136
136
134
135
133
135
136
135
135
134
187
133
132
135
132
135
132
133
138
134
133
139
136
135
137
139
139
138
138
139
138
138
136
135
137
138
140
139
136
138
136
132
137
136
132
135
134
215
133
136
133
133
135
135
135
133
135
135
138
135
132
138
137
135
136
165
135
134
136
133
135
227
151
136
136
133
143
139
136
137
138
138
137
139
141
136
140
140
137
137
137
140
136
136
149
163
165
168
168
222
161
159
156
144
139
135
136
134
132
133
132
132
133
133
135
133
135
136
132
133
136
133
171
135
133
133
134
132
132
132
135
134
134
136
136
133
133
133
134
133
135
132
135
134
134
135
171
134
131
135
134
183
133
133
132
132
136
135
134
173
177
133
143
136
139
141
138
139
139
137
134
137
139
139
135
171
138
136
140
136
137
135
132
134
135
132
133
136
134
134
133
138
132
135
134
135
137
132
135
133
136
134
136
136
135
133
133
205
133
133
137
136
135
135
133
133
135
133
135
135
134
135
136
135
135
136
135
136
131
132
133
134
136
133
133
133
138
134
136
133
135
132
135
133
132
135
132
136
132
133
133
134
135
137
140
134
135
135
132
135
137
131
136
133
135
134
133
135
132
135
132
135
133
185
136
134
132
140
137
131
132
135
133
133
134
134
135
133
134
135
133
133
132
135
136
135
133
139
137
133
137
134
135
133
136
133
132
132
135
133
138
132
135
133
136
136
201
180
150
139
176
133
135
132
132
133
133
133
132
132
134
135
139
139
141
139
139
137
139
140
136
137
138
136
138
139
136
140
139
136
136
139
133
133
138
136
133
134
133
133
135
133
135
135
136
135
148
134
136
133
135
138
138
132
134
136
134
240
133
133
133
134
134
138
132
134
135
135
133
135
198
136
135
139
139
133
134
136
132
135
135
135
134
133
134
132
136
135
135
218
134
137
138
142
132
137
138
136
137
136
148
133
171
134
138
138
138
139
138
138
137
151
136
136
136
136
136
138
137
133
136
139
139
137
133
135
133
133
250
134
132
139
132
136
135
133
136
133
135
132
132
137
132
135
131
135
135
132
134
135
260
136
138
134
134
132
135
135
133
135
134
132
138
151
137
135
133
133
135
136
133
133
135
133
135
132
136
133
136
134
135
134
133
138
133
134
133
167
140
135
161
133
135
136
133
134
132
133
151
135
137
136
136
137
136
136
134
139
137
136
137
136
137
136
136
138
138
136
135
135
136
131
133
135
134
136
139
136
133
135
133
131
135
136
135
136
136
133
134
133
139
135
133
136
135
133
138
139
133
137
133
136
137
135
136
133
135
133
135
133
133
135
134
137
174
154
133
135
133
136
135
134
136
135
135
135
138
135
131
135
133
136
132
133
201
133
135
133
133
135
134
135
135
134
134
132
138
134
134
229
138
134
135
133
133
136
133
133
132
132
135
133
137
134
131
131
133
136
132
132
134
135
131
133
135
133
135
133
137
135
136
131
132
132
130
240
130
133
129
130
128
133
130
131
129
132
128
131
132
132
132
133
137
136
132
132
133
135
135
136
133
136
133
135
131
135
132
130
133
135
130
129
133
130
129
130
133
131
132
132
132
130
134
132
132
132
129
132
129
132
130
134
130
129
131
129
134
133
128
132
131
131
132
131
137
134
133
131
132
136
219
134
135
134
136
133
133
133
135
138
136
132
136
133
