564
567
846
571
564
565
568
565
618
565
567
565
564
570
564
589
568
561
564
568
565
568
569
569
640
565
565
564
568
608
563
565
568
569
563
564
566
565
561
564
568
564
568
569
568
565
567
551
548
548
551
550
551
555
554
554
556
556
550
555
627
624
551
551
566
565
564
567
563
567
565
568
564
567
564
570
564
573
610
562
569
565
564
566
571
565
562
568
561
564
561
564
563
565
569
564
567
564
565
564
564
564
565
564
565
565
566
603
561
567
563
634
654
569
565
564
781
611
610
581
565
565
568
564
569
566
561
564
562
565
565
603
620
564
564
563
568
561
565
582
584
565
562
563
569
565
565
565
569
569
569
565
566
564
563
566
565
564
564
561
566
565
566
561
566
561
567
569
606
566
565
567
565
561
564
568
565
565
569
564
628
619
568
561
566
564
565
565
564
564
568
565
569
561
565
569
565
568
561
570
567
568
567
656
564
566
567
567
568
565
564
568
565
565
569
562
562
565
569
564
562
564
564
565
565
571
564
563
569
569
564
565
569
568
569
564
567
571
564
561
570
561
565
566
564
560
564
562
569
561
562
568
569
565
570
564
564
565
568
565
560
568
570
555
551
555
550
550
553
552
551
550
555
550
551
551
556
556
555
550
548
552
556
548
660
552
548
551
557
552
555
554
551
551
555
553
551
561
561
563
564
569
569
568
569
565
569
565
565
563
568
606
569
562
566
565
565
562
561
562
565
571
565
565
564
568
565
570
564
565
565
561
564
569
564
568
572
566
561
564
567
564
564
563
561
564
565
620
564
564
561
567
569
565
563
635
565
572
569
565
568
564
565
563
561
565
564
564
564
565
567
565
567
568
563
564
569
568
569
627
566
569
566
568
563
565
561
565
561
564
565
564
561
568
560
564
564
568
568
568
565
564
563
564
575
561
564
569
566
568
565
568
564
562
568
616
568
564
565
564
561
565
569
561
568
626
619
563
568
564
564
564
566
561
568
564
561
569
564
561
566
562
561
569
563
567
570
566
564
567
563
569
564
565
561
565
564
564
565
576
627
565
565
643
566
568
566
563
564
561
565
567
564
564
561
608
561
568
569
564
568
565
752
747
643
569
597
564
570
641
565
564
568
564
569
568
570
565
569
565
561
565
569
565
564
561
568
570
565
569
566
561
564
570
562
569
564
564
569
564
569
563
565
565
565
564
566
570
562
548
548
549
551
550
555
555
555
554
551
548
552
552
551
552
548
551
568
561
565
568
570
564
566
569
565
564
561
565
564
562
659
568
561
568
568
564
566
564
622
564
563
565
565
562
566
563
621
564
568
567
564
564
562
565
571
639
749
561
564
568
564
564
564
564
568
564
564
564
565
569
593
564
565
561
570
566
560
566
564
568
569
565
547
551
552
553
549
689
552
554
552
558
557
548
552
553
551
555
555
550
552
665
549
550
551
551
555
552
551
551
555
554
552
555
555
548
567
565
568
561
570
566
564
564
571
564
569
564
564
572
569
567
633
556
554
550
722
685
564
548
557
548
552
555
551
550
552
552
548
572
561
561
564
564
561
566
565
566
637
565
640
566
565
568
569
564
570
565
563
565
570
567
568
561
569
564
569
565
570
568
562
561
568
551
554
550
554
555
548
551
620
552
548
548
556
551
548
656
551
556
570
585
565
567
564
565
565
569
565
563
614
606
565
569
566
569
561
577
569
566
563
564
566
560
561
564
567
568
568
565
561
564
569
568
548
551
555
552
548
556
551
547
551
555
555
552
554
548
550
552
554
564
564
564
573
565
567
565
561
564
564
567
569
565
622
565
614
564
565
607
569
566
570
560
564
569
561
564
569
564
564
647
562
562
565
561
564
566
562
568
564
568
564
564
565
568
565
570
564
622
606
550
556
554
554
551
672
553
552
551
555
861
617
631
551
551
548
569
565
605
565
564
566
569
564
560
564
568
564
562
567
567
565
604
629
562
568
568
564
561
563
569
564
568
564
570
565
570
562
564
569
569
565
565
568
565
560
561
568
568
564
578
578
564
561
570
575
565
552
551
552
551
553
555
552
555
551
551
597
555
550
550
551
551
554
551
548
548
551
548
555
555
551
554
550
677
551
550
550
561
551
551
551
551
551
551
653
559
551
552
555
552
555
551
557
555
551
550
556
611
568
566
564
569
568
567
568
562
564
568
569
564
567
564
568
575
553
550
552
550
555
548
555
550
555
554
550
550
549
547
554
1113
729
569
561
565
565
568
563
565
569
566
568
564
565
569
564
563
564
564
