20
19
20
20
20
20
20
25
21
20
19
20
19
19
20
20
20
19
20
19
20
25
19
19
24
19
19
19
19
25
19
19
19
19
19
20
19
31
24
19
20
21
20
21
19
19
26
19
20
20
19
19
20
20
19
19
20
19
19
19
19
19
19
19
20
19
19
19
19
19
20
19
19
21
19
19
19
19
19
19
19
19
19
19
24
23
19
20
19
23
24
19
19
19
19
19
19
19
24
19
20
19
19
19
19
19
20
19
24
19
19
19
20
19
20
19
20
19
19
24
19
20
19
21
20
23
20
19
19
19
20
48
19
20
20
24
19
19
19
20
20
19
19
19
20
19
19
20
19
19
20
20
20
20
20
19
19
19
20
20
20
26
20
20
20
20
20
19
20
20
25
20
20
20
20
20
20
24
20
19
20
19
19
19
20
19
19
20
20
19
20
20
19
19
19
19
19
20
19
19
19
20
19
20
24
20
24
20
19
19
22
19
19
19
19
19
19
19
20
23
20
19
19
19
19
20
24
19
19
19
19
24
19
19
20
19
23
20
21
25
20
23
24
19
19
20
20
20
19
19
19
19
19
19
20
19
19
20
19
19
19
19
19
19
19
19
19
19
19
19
24
19
19
19
20
19
19
19
19
19
19
19
19
20
19
19
20
19
19
19
19
19
19
21
19
19
19
19
19
19
19
24
19
19
19
20
20
19
19
20
19
20
24
20
19
19
19
24
19
19
19
20
19
19
19
19
19
19
19
19
24
19
19
19
19
23
19
19
19
20
20
20
19
19
19
19
20
19
20
19
19
20
19
19
19
19
20
20
20
46
49
20
20
20
20
24
20
24
20
20
19
20
20
25
24
19
20
20
20
20
19
19
20
24
19
19
19
20
20
20
19
20
24
27
20
21
20
21
20
24
20
20
19
20
19
20
19
19
19
20
19
24
19
20
20
19
35
20
20
19
19
19
19
19
19
19
19
20
19
20
20
20
19
20
19
20
44
24
51
20
19
24
20
19
20
20
20
20
20
20
24
20
20
20
20
19
20
19
20
20
21
20
19
20
20
19
20
19
19
20
20
20
25
19
24
20
20
20
19
20
24
20
20
24
20
20
24
20
19
20
20
19
23
20
20
20
20
20
20
20
20
21
20
20
20
20
19
19
24
20
24
20
20
19
19
19
20
19
19
20
20
19
20
25
20
20
20
19
19
24
23
24
19
19
19
19
19
19
23
19
19
19
20
20
20
19
19
21
20
22
19
19
19
19
24
19
20
19
24
19
19
20
20
20
20
41
20
20
20
20
20
20
20
19
19
20
24
19
21
20
19
24
24
20
20
25
20
20
20
22
20
20
20
19
20
19
19
20
21
19
19
20
20
20
20
20
25
20
20
20
20
21
20
20
20
20
20
20
20
20
19
20
20
24
20
19
20
20
20
20
20
20
20
20
19
20
20
20
20
20
24
24
21
19
20
20
23
19
20
20
26
20
25
20
20
20
20
19
20
20
20
20
19
20
20
19
19
20
20
25
20
20
20
24
20
20
20
20
20
23
21
20
25
20
20
19
20
20
20
25
20
20
25
20
20
20
20
19
19
20
20
19
20
20
25
20
20
20
21
20
20
20
20
19
20
20
20
20
20
20
19
19
20
20
24
24
20
19
19
19
20
20
19
20
20
20
21
20
20
20
19
19
24
20
33
19
19
19
24
19
20
19
19
19
24
20
19
19
23
19
20
20
20
24
19
19
28
35
20
20
20
20
20
20
19
19
20
24
20
20
20
19
24
20
20
21
20
21
20
20
19
20
19
19
23
20
20
19
20
20
20
20
21
20
24
21
24
19
20
20
19
19
19
20
20
20
20
24
19
20
20
24
20
19
19
20
22
22
20
20
20
20
20
20
19
20
19
20
20
25
20
20
19
20
20
20
20
24
20
20
20
20
19
20
20
19
25
20
20
19
20
20
20
19
20
24
19
19
20
19
20
19
24
19
19
24
20
20
64
19
20
19
19
19
19
19
19
23
19
24
19
19
19
19
19
19
19
19
21
19
20
19
22
24
20
19
20
20
20
20
20
20
25
20
19
20
19
20
19
24
19
20
21
20
25
20
20
21
24
20
19
20
24
21
19
21
20
26
20
21
19
20
20
20
21
20
20
20
23
19
19
20
20
19
19
19
19
19
19
24
19
19
19
24
19
19
19
20
20
20
19
19
19
19
19
21
20
19
20
19
20
20
20
20
19
20
19
22
19
19
19
20
20
19
19
20
19
19
24
19
