47
47
47
47
96
48
47
47
48
49
47
47
46
47
48
46
47
47
47
47
46
47
96
47
48
47
47
48
47
47
47
47
47
47
50
47
48
48
47
47
47
47
47
48
48
47
47
47
47
48
47
47
63
49
48
47
47
48
47
48
47
47
47
48
47
47
49
48
49
48
49
48
49
48
49
48
48
48
48
48
49
48
48
48
48
48
51
48
48
48
48
48
48
50
48
47
48
50
50
48
48
49
49
48
48
48
47
47
47
48
47
48
47
47
47
48
47
48
48
47
47
48
48
47
48
47
47
47
47
47
47
47
47
47
47
47
47
47
48
48
47
46
47
47
46
47
47
47
49
47
47
47
47
46
47
47
47
48
47
47
47
47
47
47
47
47
47
47
47
47
47
48
46
47
48
47
48
48
47
47
46
47
47
47
47
47
47
47
47
48
47
47
47
47
48
46
47
47
48
47
47
47
46
47
48
47
47
47
47
47
47
47
47
47
46
46
46
46
47
46
47
47
48
47
47
90
47
87
48
48
48
76
47
47
48
95
48
47
47
47
47
49
47
47
48
48
79
47
47
48
47
48
47
48
46
49
48
48
48
48
49
49
48
49
48
48
48
48
48
48
48
48
48
48
48
48
49
48
49
48
49
49
48
49
48
48
48
48
60
48
48
48
49
46
47
47
46
47
47
47
47
47
47
47
46
47
47
47
46
48
47
47
46
47
46
47
47
46
46
49
48
47
54
46
47
47
47
48
47
47
47
47
49
46
47
48
48
47
47
47
48
48
47
47
51
48
48
50
47
47
46
47
46
47
47
47
47
48
47
48
47
47
47
48
47
48
48
48
48
49
48
48
48
49
49
48
48
48
49
48
49
49
48
48
49
48
50
48
48
48
48
48
49
48
48
48
48
54
77
62
54
54
53
49
48
47
47
47
47
48
48
47
47
47
46
47
47
47
47
47
48
47
48
47
47
47
47
47
49
49
48
48
47
47
89
48
48
47
47
48
49
48
49
49
48
48
48
48
49
50
49
49
48
52
48
48
49
48
48
53
55
54
53
53
51
49
48
49
48
48
52
54
52
49
47
48
50
47
49
46
48
47
47
47
47
47
46
47
49
48
47
48
47
47
48
47
47
47
47
47
48
46
48
46
47
47
48
47
47
47
47
47
49
47
47
47
47
47
47
47
47
46
88
48
47
47
47
47
50
65
47
47
46
47
48
47
47
47
48
47
48
90
53
49
49
48
49
49
48
48
48
49
48
48
49
48
47
49
48
48
48
48
48
48
49
48
48
48
49
48
48
48
49
49
49
48
48
50
48
49
48
48
49
48
49
48
48
48
48
48
47
48
46
47
47
47
48
47
47
48
49
47
47
47
47
47
47
47
47
47
47
47
47
48
47
47
47
47
47
47
143
47
47
47
47
47
47
47
47
47
46
47
49
47
47
47
47
47
47
47
47
46
48
47
46
47
46
46
47
47
47
47
47
47
47
47
46
47
47
47
47
47
46
47
46
46
48
47
48
47
47
47
48
47
48
47
47
47
89
47
46
47
47
47
47
47
47
47
47
47
47
47
47
47
47
46
46
47
47
47
47
46
48
47
47
47
46
47
47
47
48
49
47
48
47
47
47
48
48
47
47
48
47
47
46
46
47
47
47
47
47
47
47
47
47
48
47
50
47
47
47
46
47
77
48
47
47
47
47
47
48
47
47
47
47
47
48
47
47
47
47
47
46
47
47
47
47
47
46
46
47
47
51
48
47
47
50
48
48
48
47
48
49
96
47
48
48
48
51
50
48
49
48
48
48
48
48
48
48
48
48
48
48
48
47
49
48
49
48
49
48
48
49
48
48
47
47
47
50
48
48
48
47
47
47
48
48
50
47
47
47
47
47
46
47
47
47
47
48
47
47
47
47
47
48
47
47
97
48
47
47
47
47
46
46
47
47
47
47
47
47
48
47
47
48
47
49
47
47
47
46
47
47
48
49
47
47
47
47
47
47
47
47
47
47
46
47
47
47
47
46
47
47
47
46
47
47
78
47
47
47
47
48
48
48
47
47
47
47
46
47
48
47
47
47
47
48
47
47
46
48
46
47
47
47
48
47
47
46
46
47
46
47
49
48
48
47
47
47
47
48
46
65
49
46
47
47
48
47
49
47
47
47
47
47
47
47
48
47
48
47
47
48
47
47
47
47
47
47
47
47
47
48
47
47
47
47
47
47
47
46
46
47
46
47
47
47
47
47
47
47
47
48
48
47
47
46
47
48
46
