62
63
63
62
64
63
64
63
106
62
63
64
62
63
62
62
63
63
63
62
63
63
63
62
63
64
64
62
62
63
63
62
62
63
64
63
63
63
62
63
63
63
63
63
65
62
71
65
63
63
64
63
63
63
63
62
63
63
64
63
63
106
64
64
62
62
63
63
62
63
62
63
63
64
63
63
63
63
63
63
64
63
63
62
63
63
62
63
64
64
63
63
63
63
63
63
63
63
63
62
64
64
64
63
62
129
62
62
62
64
62
63
62
63
63
64
63
63
63
63
62
63
63
63
62
62
63
63
66
63
63
64
63
62
64
64
62
63
62
62
64
63
63
63
63
62
64
62
62
63
62
62
62
63
62
64
63
80
63
65
64
64
62
63
63
63
63
63
63
62
63
63
63
63
63
63
65
64
66
63
63
62
66
64
66
65
64
64
64
64
64
63
64
65
64
64
64
64
65
65
64
64
65
65
66
65
64
64
64
65
64
64
64
64
64
64
64
64
63
62
63
65
62
63
63
63
62
63
63
123
65
63
63
63
63
63
63
62
64
64
63
64
64
62
63
63
63
63
64
62
62
62
65
64
65
64
65
64
66
65
66
64
64
65
64
64
65
64
66
64
64
64
64
64
64
65
64
64
65
65
65
65
64
64
66
64
64
64
64
65
64
65
62
63
67
63
62
63
63
63
62
64
62
62
64
63
63
64
62
63
63
62
64
63
64
63
62
62
62
64
106
63
63
64
63
62
62
63
63
62
62
62
63
66
99
63
63
64
65
63
63
62
62
63
64
63
63
67
64
63
63
63
63
100
63
62
63
64
62
62
63
64
64
64
64
65
64
65
64
64
64
64
65
65
65
63
64
64
65
64
64
64
64
65
65
64
64
66
65
64
65
67
64
65
65
64
64
63
63
64
65
63
63
63
63
136
62
63
64
63
63
62
63
62
62
62
62
63
63
63
63
62
62
64
63
64
62
62
63
64
62
65
63
62
63
62
62
62
62
62
63
64
64
62
63
65
65
64
62
63
63
64
62
63
63
63
65
64
64
65
69
64
63
63
64
63
63
64
66
64
71
72
64
66
64
64
65
64
64
65
64
64
65
65
65
64
65
64
65
64
65
99
64
64
64
64
67
64
64
65
64
64
62
63
63
63
65
63
64
62
66
63
90
63
63
63
63
63
64
63
63
63
63
64
62
63
118
64
63
63
63
63
63
63
64
64
64
63
65
65
64
64
64
64
65
64
64
65
65
63
64
64
65
65
66
64
65
66
64
65
64
63
64
64
65
65
64
66
73
79
78
78
79
78
80
80
80
79
79
75
76
75
73
73
74
72
71
80
64
62
63
62
63
63
63
63
62
62
62
63
62
63
62
63
64
63
64
63
64
64
64
63
63
64
65
63
63
62
64
64
63
63
63
63
62
62
62
63
63
63
64
62
62
62
63
62
64
62
62
63
64
62
64
63
63
63
62
62
64
62
63
66
63
62
64
64
63
65
63
62
63
65
63
119
63
64
62
63
63
65
63
63
63
92
64
62
101
83
82
75
75
75
73
73
73
71
72
70
66
63
63
62
65
63
72
68
80
66
62
63
65
63
63
64
63
62
63
63
63
62
62
62
63
63
64
62
63
63
64
63
62
63
64
65
63
62
63
64
64
63
62
63
64
64
68
68
67
77
63
64
63
62
63
63
63
63
63
62
63
63
63
63
62
65
62
63
64
62
63
63
64
62
63
65
72
62
63
63
63
63
63
62
63
62
62
63
64
72
63
63
84
83
88
63
64
62
63
63
62
63
62
64
62
62
62
63
63
63
62
62
63
62
62
63
64
63
63
62
63
62
63
63
63
63
62
63
62
63
64
66
63
62
63
63
64
64
66
64
64
64
64
66
64
64
64
65
65
66
68
64
64
64
64
64
64
64
64
65
64
64
65
64
64
65
66
65
64
64
64
65
65
65
64
64
66
65
64
65
64
64
64
66
64
64
65
64
64
66
64
64
65
65
65
64
64
65
64
64
64
65
64
64
64
64
64
64
62
63
62
63
64
63
63
63
63
65
62
63
64
63
63
62
63
62
63
63
63
62
62
99
63
63
63
64
63
62
64
62
63
62
62
63
64
64
64
65
66
64
64
64
64
64
64
64
64
64
64
64
65
64
64
64
65
64
63
64
64
64
64
64
64
66
66
64
64
64
65
64
64
62
63
62
62
63
62
63
62
63
62
131
63
63
64
62
63
63
63
62
63
62
62
63
72
68
67
64
63
63
63
64
