73
72
73
73
72
72
73
73
73
88
73
74
73
74
73
73
72
73
73
73
124
73
73
73
73
72
72
74
72
72
73
73
74
74
75
74
74
74
75
74
74
75
75
74
74
74
74
74
75
74
74
75
74
74
75
74
75
74
74
75
75
75
75
75
74
77
74
72
74
73
72
73
74
73
73
73
72
72
72
73
73
72
73
72
72
74
72
73
72
72
72
73
73
73
73
74
73
73
72
73
72
74
73
73
73
72
80
75
73
73
73
80
75
73
72
73
72
73
73
73
72
73
75
72
72
73
73
72
74
72
72
73
72
72
73
72
74
73
76
73
110
73
73
73
73
73
73
72
72
74
73
73
72
73
74
72
72
80
133
72
73
73
73
72
75
75
74
74
74
74
75
75
76
75
79
84
75
75
74
74
75
75
75
75
74
75
75
75
75
74
74
74
75
74
75
74
75
74
74
74
74
75
74
74
74
74
75
74
74
74
74
76
75
74
74
74
76
75
74
74
75
74
74
74
74
74
75
74
74
75
88
73
72
72
73
72
72
72
73
73
73
73
74
73
72
72
73
73
73
72
72
73
116
73
75
74
73
74
73
73
72
73
73
72
75
73
73
74
72
73
72
73
72
72
73
73
73
73
72
73
72
72
72
73
74
73
72
73
73
73
73
73
72
73
72
72
73
73
72
73
73
73
72
72
73
74
73
221
72
73
73
72
73
73
73
72
74
73
72
73
72
73
73
73
73
72
75
72
72
73
72
72
72
73
72
74
72
72
72
74
73
74
74
119
74
73
73
73
72
73
73
73
73
72
73
72
73
73
72
72
72
72
73
72
74
76
74
74
75
74
75
74
74
76
75
75
74
75
75
74
75
74
75
74
75
75
74
75
75
75
74
75
75
74
74
75
74
73
74
72
73
73
72
72
73
72
74
73
89
74
77
78
72
73
73
73
73
72
73
72
74
73
73
72
72
72
72
73
84
73
74
75
75
74
74
75
74
75
74
74
75
75
75
76
75
75
74
74
74
76
75
75
75
75
74
74
74
75
75
74
74
74
74
74
72
73
72
73
72
72
73
73
72
73
73
72
73
72
72
73
73
72
74
72
72
73
73
96
73
73
73
76
73
72
72
72
74
74
75
75
91
74
74
76
75
75
74
75
74
74
74
74
75
74
75
74
74
75
74
76
74
75
74
75
75
74
74
74
75
74
74
74
74
75
74
74
74
75
74
74
74
74
74
75
74
75
74
74
74
75
75
74
75
75
74
74
74
75
74
74
74
74
86
73
73
72
73
72
72
73
74
73
75
73
73
73
73
72
74
73
73
73
73
73
73
72
73
75
72
72
97
73
73
72
73
72
75
72
72
73
72
72
73
73
73
72
73
116
157
73
73
73
74
73
72
73
93
73
73
114
73
73
72
75
73
73
72
72
73
76
74
74
74
74
75
76
75
74
75
75
75
75
74
74
74
74
74
75
75
75
75
74
74
74
74
74
74
74
75
74
75
75
73
73
73
73
73
75
73
73
73
72
73
73
73
73
73
72
73
72
73
72
73
73
73
73
72
75
74
75
73
73
72
73
73
72
73
73
73
73
72
72
72
72
74
72
73
74
73
73
72
73
72
72
73
72
73
73
72
73
74
72
73
103
93
75
73
74
74
74
74
75
74
74
74
74
75
75
75
74
74
74
75
76
74
74
75
75
74
75
74
74
74
74
75
74
74
75
74
74
74
74
74
73
73
73
73
72
72
72
73
72
73
73
73
73
73
73
72
73
72
73
73
73
73
73
73
73
72
72
73
72
72
72
73
72
73
72
73
73
72
73
73
73
72
72
73
109
72
74
73
72
72
115
73
73
73
73
72
73
72
72
72
74
73
74
73
83
74
76
73
72
72
73
73
72
73
73
73
73
73
72
73
72
73
73
73
72
73
72
72
73
74
72
73
73
73
73
73
72
72
73
72
73
72
73
73
73
73
73
88
73
73
73
73
115
72
73
73
73
73
72
73
80
74
101
72
72
73
107
74
73
72
72
73
74
74
74
74
74
74
74
75
74
74
74
132
76
75
75
74
75
75
74
74
74
74
74
74
74
74
74
74
75
74
75
74
75
75
74
75
74
74
74
74
75
75
75
74
74
75
75
74
74
75
75
75
75
76
75
74
75
74
75
75
75
74
74
74
74
74
75
75
72
72
73
73
87
73
73
73
73
73
73
72
72
72
73
72
72
73
73
73
73
73
73
73
73
73
73
133
73
73
72
73
73
74
74
74
74
