111
110
111
110
111
111
111
110
110
111
110
111
111
110
110
111
110
110
110
110
110
112
111
110
110
109
110
110
110
110
110
110
110
110
112
111
110
111
111
110
110
110
110
110
110
110
109
110
110
111
110
110
111
110
110
111
111
110
110
107
108
108
108
108
108
107
108
108
108
107
107
107
107
123
113
110
110
110
110
108
123
110
110
111
111
108
108
108
108
107
108
108
107
108
120
108
108
107
107
143
107
109
107
108
108
108
108
107
108
107
107
108
107
109
108
107
107
107
108
107
107
109
108
107
108
108
108
108
107
108
107
108
108
108
109
107
107
108
108
108
107
106
108
108
107
115
107
107
108
108
108
108
107
107
108
108
108
108
108
108
107
107
107
108
107
107
108
107
108
107
107
109
109
109
109
107
107
107
107
108
108
107
108
123
122
123
108
108
108
108
107
108
108
107
107
156
108
108
108
108
107
107
107
108
108
107
107
107
108
107
107
107
107
107
108
108
107
107
107
108
109
107
109
107
147
110
109
108
108
108
108
108
107
107
110
108
108
107
107
108
107
107
107
110
108
107
109
108
110
108
108
107
107
107
108
107
108
108
107
108
108
109
108
108
107
108
107
107
107
107
108
108
108
107
108
109
176
108
108
107
108
108
107
108
107
107
107
108
108
108
108
107
108
108
108
108
109
107
108
108
108
108
108
108
108
108
107
108
108
109
108
110
107
107
108
107
108
107
107
107
107
107
108
109
107
108
108
108
107
107
107
107
107
107
108
107
107
108
109
108
108
107
108
108
108
107
108
107
108
107
108
107
107
107
107
107
108
107
107
107
108
109
107
107
107
108
108
108
106
107
108
107
106
107
108
107
107
107
107
107
108
107
107
108
107
109
107
108
108
107
107
110
107
108
107
107
107
107
107
109
108
107
108
107
108
107
107
107
107
107
108
107
108
107
108
108
107
109
108
106
108
110
107
107
107
108
108
108
107
108
108
107
108
108
108
108
107
107
107
108
107
107
107
108
108
107
109
107
107
107
107
108
107
108
107
108
107
107
107
108
107
107
109
106
108
108
108
107
107
107
108
108
124
113
110
109
107
109
107
107
107
108
108
107
107
108
107
108
108
108
107
107
108
108
107
107
107
109
109
108
107
189
107
107
108
108
108
108
108
108
107
107
108
109
107
108
109
109
107
108
107
107
108
107
107
108
107
108
107
107
108
108
107
109
107
108
108
108
107
107
107
107
107
107
108
108
107
107
107
107
107
162
108
108
109
107
107
108
108
107
108
150
108
107
109
108
108
108
107
108
154
108
108
107
108
107
109
107
110
108
107
107
107
107
108
107
108
107
107
108
108
109
107
108
111
108
107
107
107
107
107
152
107
107
108
108
108
108
107
108
108
108
107
107
108
109
107
107
107
107
107
109
107
108
107
107
111
108
107
107
108
108
107
107
108
107
108
109
108
107
107
107
108
108
108
107
108
108
107
108
107
109
107
107
108
107
107
108
107
108
107
107
108
108
155
108
107
107
107
108
108
194
108
107
107
108
107
108
108
107
108
107
108
108
108
107
109
107
108
108
108
107
108
108
108
108
107
107
107
108
107
107
107
108
107
108
108
107
107
108
107
109
107
108
107
108
107
107
107
108
108
108
107
106
107
110
108
108
108
108
110
108
108
107
107
108
107
107
107
108
107
108
108
108
108
108
108
108
108
108
108
107
108
108
107
107
107
110
170
107
109
107
107
108
108
109
108
108
107
107
108
108
107
107
106
107
109
107
108
107
108
107
223
107
113
108
108
108
108
107
210
108
107
107
108
109
107
109
108
108
108
108
108
107
107
107
108
108
107
107
107
108
107
108
107
109
108
108
109
107
108
108
108
107
107
108
108
108
107
107
108
107
108
107
136
107
124
108
107
107
106
107
109
106
108
108
108
108
108
108
108
107
108
108
107
108
107
107
107
106
108
109
107
108
107
108
109
108
107
107
108
109
107
107
108
110
107
108
107
107
108
108
108
109
108
108
160
107
151
109
109
108
107
107
108
107
107
107
107
108
110
108
108
109
107
107
109
108
107
123
123
108
107
108
108
107
107
109
107
108
108
108
108
108
107
107
107
107
108
108
107
107
108
108
107
108
107
108
108
108
108
107
108
108
107
108
108
107
108
167
108
108
108
107
108
108
108
106
107
109
108
108
108
108
108
107
108
107
107
107
107
107
107
107
107
108
108
108
107
107
108
107
107
108
107
108
108
108
107
108
107
108
109
108
107
107
110
107
108
113
