138
134
134
141
134
144
135
135
143
134
141
134
142
134
143
142
143
134
134
142
134
134
135
136
145
135
143
135
141
135
134
137
141
142
134
134
142
135
141
136
134
142
142
134
134
142
142
142
134
133
135
141
135
141
136
134
135
134
135
134
134
183
134
141
135
134
134
138
144
142
135
141
134
135
134
141
135
134
134
142
135
141
141
134
142
134
144
134
134
134
142
134
143
141
135
134
134
135
280
141
135
134
142
135
134
134
135
142
134
142
134
134
134
142
134
137
135
135
142
135
143
135
135
142
136
135
135
141
143
143
142
252
135
142
138
147
139
138
145
145
146
146
139
139
138
138
138
145
138
148
137
146
138
140
147
138
138
139
139
146
137
137
147
136
134
136
142
142
135
135
141
136
185
174
135
143
134
143
142
141
135
134
134
136
134
135
134
135
137
134
143
143
142
135
142
142
136
134
134
134
135
134
135
134
142
135
133
134
134
144
134
141
135
142
135
134
143
143
135
134
142
135
134
143
182
136
135
141
141
142
141
136
134
141
136
135
135
144
135
134
135
134
134
135
134
134
135
144
135
146
140
147
138
138
145
146
138
139
137
138
138
138
138
137
146
138
146
139
138
139
145
137
137
138
137
145
137
137
142
143
135
134
153
137
134
143
134
142
134
134
134
181
134
134
135
142
136
135
134
142
134
135
137
176
142
142
135
142
134
141
204
134
141
145
134
134
134
135
141
135
142
141
135
135
135
193
172
141
142
142
134
143
135
135
134
134
134
135
135
134
134
134
190
135
135
142
134
135
134
135
134
134
134
134
142
134
141
136
134
134
134
136
136
141
134
133
134
134
134
141
142
134
150
142
159
134
143
142
135
134
135
142
182
135
135
135
134
142
134
134
143
134
141
146
138
137
138
137
138
147
137
138
148
138
145
138
138
139
139
138
138
138
137
146
146
140
137
139
138
138
137
138
138
135
134
143
142
143
134
142
135
144
136
143
142
142
134
135
134
135
134
134
135
135
134
135
134
134
134
134
134
134
135
135
136
142
143
143
137
135
137
145
136
135
184
154
138
138
137
138
138
138
135
134
134
143
135
134
141
134
134
134
141
141
136
141
141
142
134
134
141
135
134
135
134
135
142
134
134
143
134
142
141
142
135
135
142
135
141
141
134
134
136
134
143
135
134
143
220
179
134
135
142
135
135
137
135
135
135
142
141
135
134
135
134
135
134
144
142
134
143
142
142
144
141
135
135
134
134
142
135
135
134
134
134
137
134
135
141
134
134
135
135
134
143
134
134
135
141
134
143
134
135
135
134
135
144
142
134
212
135
135
134
134
134
135
144
141
134
141
142
134
135
134
134
135
134
134
134
143
142
134
137
135
136
142
144
134
135
141
191
135
135
135
182
137
142
134
134
142
135
143
134
134
142
135
134
142
141
135
134
143
141
134
135
135
141
134
141
136
143
135
134
134
134
141
144
134
135
134
135
141
135
134
134
134
134
142
134
141
142
141
134
142
135
135
134
145
141
134
143
142
134
136
135
143
134
142
135
153
145
138
138
134
142
134
142
134
143
135
135
135
135
142
143
134
135
135
134
134
134
136
134
134
134
141
134
148
134
135
134
135
134
143
142
135
142
134
135
141
143
142
134
135
136
134
143
135
136
143
142
142
135
142
134
133
134
134
141
134
135
143
134
141
143
141
134
142
141
135
135
135
141
134
142
143
134
134
142
135
134
135
142
134
142
142
142
134
134
141
135
141
142
134
142
134
142
134
135
134
135
143
135
134
143
135
141
141
142
144
135
142
135
141
135
139
134
134
141
135
135
142
134
143
134
135
143
134
134
135
137
141
135
134
135
141
134
141
142
141
135
134
135
141
135
135
136
142
135
142
137
134
134
134
144
134
142
134
134
134
134
135
136
134
141
142
135
134
142
134
135
135
141
135
141
142
134
135
135
143
142
134
135
134
134
134
135
134
137
143
142
134
135
141
142
135
143
134
135
142
134
134
134
154
154
153
153
145
142
134
134
142
134
143
142
134
144
134
142
134
141
145
134
141
134
134
142
134
134
134
134
134
135
135
142
133
142
141
135
134
134
154
134
141
134
134
143
134
135
141
136
141
134
135
143
134
135
134
141
135
142
134
142
134
134
135
142
142
136
134
134
143
141
143
135
135
140
134
134
141
144
135
141
135
134
134
144
135
142
134
134
135
220
142
134
143
134
143
134
135
142
134
135
141
134
135
134
134
142
143
134
134
142
142
134
142
134
141
134
142
