166
166
166
168
166
170
166
166
167
166
166
168
167
240
293
168
166
166
167
166
167
166
167
167
166
166
168
274
208
170
173
171
171
176
171
173
174
171
171
175
170
172
171
170
171
171
171
173
170
173
171
170
170
174
171
170
170
171
167
167
171
166
167
166
167
167
169
167
167
169
166
166
167
171
167
167
172
166
169
167
167
170
170
171
166
167
171
171
171
171
167
166
167
175
214
222
167
166
167
166
170
167
167
166
171
168
171
168
171
166
171
175
172
170
175
172
171
175
174
171
172
174
174
170
171
173
175
172
171
171
171
171
174
171
171
174
171
166
168
168
171
169
168
166
171
171
172
170
171
167
166
166
167
172
169
198
169
168
169
168
186
202
167
175
174
171
175
170
171
171
173
175
175
171
171
176
171
171
171
170
171
170
172
171
176
171
175
170
170
170
168
166
169
171
167
167
169
167
167
171
169
207
166
168
171
166
167
254
170
170
168
166
171
168
175
167
171
175
171
177
171
171
173
171
174
175
176
174
172
170
171
171
170
171
171
171
172
170
171
171
175
172
175
170
173
193
172
173
174
170
174
176
171
173
171
170
171
170
170
171
170
171
171
174
172
170
170
170
171
185
169
171
167
167
167
213
167
166
170
170
168
236
167
196
170
167
171
169
166
170
169
312
207
167
170
172
170
171
171
170
171
175
171
172
175
172
176
171
172
171
172
171
171
170
173
172
171
175
171
170
172
171
173
167
168
168
171
214
170
333
195
170
168
167
168
166
169
167
167
168
167
171
170
169
172
180
171
193
174
175
174
171
171
172
173
171
175
171
172
171
171
175
173
171
171
172
172
174
171
170
170
171
173
170
172
170
171
172
170
172
173
191
227
175
172
172
171
172
170
171
176
175
170
172
171
170
175
172
171
173
175
171
172
171
171
172
171
170
171
173
173
176
177
172
170
175
171
173
176
170
174
172
171
171
174
174
170
171
171
171
175
171
175
170
171
171
171
173
174
170
171
170
171
171
171
176
171
174
175
172
175
172
172
172
170
166
167
166
169
166
166
167
171
171
166
170
166
167
167
171
167
169
170
167
171
167
166
297
308
174
167
173
171
173
173
176
170
170
172
171
173
170
175
171
171
171
171
175
170
171
170
172
174
171
176
174
173
171
169
167
166
171
166
170
167
167
169
166
169
169
167
167
166
167
166
168
170
167
170
167
167
170
169
173
167
169
167
166
169
167
166
166
169
166
173
171
169
168
167
167
171
167
168
166
167
166
169
166
167
264
170
166
169
167
166
167
166
167
170
198
171
171
228
170
167
167
167
168
168
167
167
166
166
167
166
167
171
169
174
171
174
170
170
173
175
171
171
207
170
172
174
173
175
173
171
171
170
175
170
172
171
171
171
175
173
184
168
168
167
171
170
166
167
169
238
170
171
174
217
167
172
210
166
167
169
167
166
167
171
167
166
167
170
172
173
171
171
171
175
171
173
171
171
173
170
170
171
175
205
176
171
172
174
171
171
175
170
171
172
167
169
167
166
167
166
170
166
167
170
167
167
166
168
167
167
166
169
168
168
168
168
193
168
170
167
171
171
171
173
171
171
171
170
174
174
180
171
189
171
170
170
175
171
171
171
171
172
170
171
170
170
170
167
172
171
166
168
167
169
167
168
168
167
171
167
167
166
166
166
171
169
169
167
167
199
171
167
169
167
167
167
167
166
167
168
168
166
166
169
167
166
169
167
171
166
167
166
170
167
169
169
166
166
169
171
170
169
167
167
166
168
167
167
172
168
170
167
168
167
170
171
166
170
169
167
166
298
167
167
170
166
170
166
171
168
169
166
167
166
166
168
167
166
170
167
166
167
167
171
167
166
167
167
166
166
168
210
167
170
166
171
167
171
167
171
167
166
166
171
167
176
263
206
166
167
166
165
167
170
166
169
168
168
166
226
168
171
172
170
170
170
171
170
171
173
171
175
174
175
172
175
171
170
172
173
171
171
175
170
171
171
171
171
172
171
166
167
167
166
166
166
167
166
167
168
173
168
167
167
205
166
169
166
168
166
167
167
247
167
170
171
174
171
170
172
171
172
170
171
171
202
171
171
172
170
175
170
170
171
170
171
173
170
171
176
174
170
175
169
166
167
168
167
168
170
168
166
167
167
166
167
167
166
166
166
168
171
167
170
166
167
167
166
169
197
170
167
166
167
167
167
167
166
167
167
166
166
167
167
166
167
169
169
206
169
167
169
166
224
166
166
169
171
171
175
170
175
172
171
171
