211
215
211
215
217
212
210
214
211
211
215
215
211
215
428
220
213
219
206
210
208
206
206
206
207
208
205
207
205
209
209
208
206
208
205
207
208
211
206
210
207
206
215
211
250
214
215
210
212
211
213
212
211
213
212
215
210
211
210
211
211
210
211
211
211
237
213
209
210
209
206
206
207
208
207
210
204
207
205
208
206
206
209
253
207
206
209
206
210
205
206
215
212
212
210
212
211
214
215
211
215
214
212
213
212
215
213
214
212
212
211
213
211
216
210
214
214
205
207
207
208
207
206
206
207
206
208
207
206
209
206
205
207
207
208
205
207
206
208
206
206
205
208
207
206
300
207
208
206
210
204
336
337
210
210
206
208
263
208
206
208
207
208
207
206
207
214
213
212
211
214
212
215
211
211
210
212
212
212
212
214
212
213
212
211
211
211
211
215
211
214
211
206
208
209
209
206
205
206
209
210
206
208
207
208
208
210
210
206
206
205
206
209
206
210
206
211
206
206
205
208
209
206
208
212
206
212
209
207
207
208
210
208
207
205
209
213
207
210
208
211
205
206
210
206
206
210
205
205
205
206
207
297
207
207
206
206
207
210
209
209
210
207
207
207
206
209
211
211
212
213
213
210
215
210
212
211
211
213
211
215
211
219
215
215
215
212
212
214
212
211
212
208
205
207
209
206
206
207
207
207
206
206
264
212
208
208
207
206
206
206
208
205
211
207
205
211
206
206
206
206
209
208
211
208
204
297
207
209
213
240
212
210
207
205
205
207
206
213
256
318
210
211
212
213
211
212
212
215
211
216
213
211
212
210
212
215
210
211
215
212
213
213
211
211
211
210
206
206
205
209
210
205
207
206
210
210
210
208
209
206
206
208
210
209
207
209
205
207
209
210
254
206
207
207
209
208
206
208
205
206
208
304
206
209
206
205
208
208
206
209
211
291
315
209
205
224
206
206
206
206
205
207
206
205
208
207
206
212
206
209
207
206
259
209
206
206
208
206
207
208
205
212
207
209
210
206
210
209
206
207
210
207
213
205
207
208
207
214
206
211
206
207
323
232
215
210
209
211
211
211
215
212
212
210
215
274
211
211
212
213
211
214
212
211
246
213
212
211
211
210
212
210
204
208
207
207
207
208
207
206
207
209
207
209
209
210
209
206
206
206
207
207
207
206
206
206
205
209
210
204
206
206
205
205
206
207
207
287
207
207
206
210
206
209
206
206
208
222
340
206
303
214
211
211
211
213
211
212
211
217
213
212
211
212
211
216
211
213
215
211
210
214
211
211
211
213
211
212
207
206
209
210
209
206
208
208
205
210
207
223
206
209
204
206
206
205
209
206
206
212
209
209
274
207
207
206
205
209
209
207
206
209
206
210
207
206
206
208
206
208
208
210
206
205
204
207
204
208
205
207
208
205
205
209
206
206
208
204
205
208
207
206
206
205
208
206
207
207
208
206
207
274
209
209
204
208
209
206
206
210
207
252
209
210
211
208
208
253
210
206
208
209
206
245
208
209
208
213
216
212
211
214
211
211
225
215
211
213
214
211
210
212
212
212
210
211
211
211
210
212
211
211
223
205
212
205
207
209
207
205
210
207
205
208
209
205
210
206
292
208
210
205
207
210
209
205
205
211
205
273
207
208
207
207
210
208
207
206
208
214
206
206
207
207
205
208
207
205
208
206
206
207
210
206
206
211
208
208
209
206
210
210
205
208
208
210
208
209
208
210
205
210
206
210
209
210
208
210
206
206
204
206
283
209
207
207
209
208
206
204
206
208
209
210
209
205
206
209
211
210
210
209
336
208
206
206
205
210
208
206
208
209
208
207
206
211
212
211
255
209
211
207
210
205
207
205
209
207
207
207
206
205
205
207
207
206
208
207
208
207
209
208
211
205
208
207
207
206
206
209
208
206
208
206
206
208
206
209
249
210
207
210
206
206
205
210
206
209
207
206
205
205
205
206
207
207
210
209
207
208
208
207
206
205
209
206
206
210
208
207
204
206
250
211
206
209
205
207
206
208
206
209
207
206
211
207
210
207
205
206
206
209
205
206
208
208
206
206
209
206
206
206
205
206
207
207
206
210
205
207
347
205
207
207
207
206
208
206
206
206
406
208
209
213
206
206
206
208
206
204
206
206
206
209
205
211
206
206
207
209
206
206
206
209
207
208
329
244
209
209
205
211
209
206
205
208
205
205
207
207
207
209
206
206
205
206
205
205
207
205
208
232
208
207
209
206
209
205
206
207
207
209
206
225
206
209
207
206
206
