250
250
249
249
253
252
249
248
249
255
249
251
251
249
250
248
248
250
249
349
247
248
248
248
251
252
249
249
247
248
251
254
252
254
248
248
251
249
250
253
248
248
253
249
251
248
251
248
249
248
250
250
248
251
251
248
314
254
252
253
249
248
254
253
252
288
249
252
252
247
247
251
248
249
252
249
254
253
253
248
249
250
249
248
248
249
249
249
253
248
248
250
251
248
253
247
249
248
253
248
249
248
248
251
248
253
248
248
249
252
253
254
305
249
249
252
254
248
252
251
248
250
249
248
248
248
248
248
253
250
253
249
253
248
250
254
248
250
253
248
248
249
251
253
251
250
251
250
248
253
249
252
249
251
249
342
249
250
273
252
254
260
250
248
250
253
249
252
250
273
273
273
280
263
248
285
271
261
249
248
252
249
249
252
257
248
249
249
249
253
248
252
249
254
248
253
248
253
252
248
248
250
252
251
252
248
250
250
248
250
248
249
254
248
281
248
254
250
252
250
248
248
248
252
250
248
248
250
252
253
248
249
248
252
249
250
249
248
255
249
253
249
292
283
260
259
268
250
253
249
254
249
249
249
254
255
252
296
248
250
252
250
251
250
248
249
248
252
254
248
248
249
249
249
249
248
248
248
294
248
249
255
248
252
250
253
249
248
251
250
248
249
249
248
249
251
248
249
249
250
247
248
249
253
248
249
252
250
249
252
249
248
248
249
247
252
249
253
249
249
392
249
252
249
248
247
249
248
247
253
249
252
248
251
253
248
248
295
254
247
248
253
248
248
252
248
252
253
248
249
248
248
250
248
251
251
257
249
248
248
249
248
248
253
249
248
250
248
249
251
249
250
248
253
251
250
250
249
251
252
250
248
252
249
248
248
249
254
255
248
249
248
249
380
252
250
248
251
249
253
249
250
248
248
249
248
248
252
250
248
249
248
251
267
248
250
253
249
408
329
289
248
248
253
248
247
249
248
249
248
248
251
249
248
249
249
248
250
250
248
248
251
253
248
249
254
248
247
248
252
249
254
248
249
253
249
248
254
249
251
250
248
253
248
254
248
249
247
248
249
247
248
248
250
249
249
253
247
253
248
250
248
250
249
248
249
247
248
248
251
316
248
250
247
252
249
249
251
250
249
252
252
248
249
248
252
249
248
248
248
250
248
253
252
249
253
252
252
302
249
249
249
248
248
250
249
248
248
249
248
249
248
248
248
253
251
253
249
249
312
248
248
249
249
249
247
251
248
254
248
249
249
249
253
251
250
248
248
248
252
249
249
252
249
248
248
253
250
248
250
248
248
257
248
249
248
250
248
248
249
254
249
249
248
247
253
251
252
300
254
248
248
250
249
248
248
249
249
335
249
248
251
248
252
251
248
249
250
248
248
249
248
249
248
324
255
298
250
267
261
252
253
248
249
248
252
248
248
250
254
249
252
247
249
253
253
254
252
248
249
249
250
255
248
250
249
248
248
249
250
248
250
252
253
249
249
253
251
248
367
252
248
253
253
250
253
292
251
249
251
247
250
249
250
252
249
249
249
254
251
254
252
249
253
248
249
249
248
250
249
248
252
249
248
253
252
248
251
247
248
247
253
252
250
249
249
249
251
248
248
247
249
248
251
251
252
248
249
248
249
253
251
248
253
249
247
251
252
251
252
248
248
248
248
248
253
250
248
249
255
253
248
249
250
248
249
250
254
248
250
250
253
248
248
251
248
252
248
249
248
258
249
248
253
250
248
248
248
248
249
249
250
248
251
253
249
250
247
248
252
250
250
253
248
248
249
252
248
248
251
247
253
249
249
253
248
248
248
253
252
248
253
250
252
249
248
248
247
252
250
247
250
250
249
252
249
248
248
248
248
247
252
248
251
251
248
249
251
249
249
252
351
248
247
250
251
251
251
252
248
248
248
249
247
250
248
248
250
344
248
249
248
250
251
251
252
253
250
248
261
248
252
252
249
253
249
251
248
254
254
251
254
251
294
248
253
250
250
249
252
360
249
249
248
250
254
252
251
248
249
251
248
250
253
248
250
249
252
250
251
248
252
248
253
253
253
253
353
293
251
250
252
249
248
248
249
247
248
250
252
253
252
248
249
249
252
248
250
248
248
247
248
249
248
309
252
248
248
322
250
250
247
248
252
248
248
248
252
248
253
252
248
252
251
249
249
248
250
248
303
250
248
253
249
252
331
288
255
266
270
251
252
250
252
249
248
248
248
249
248
248
249
323
248
248
249
249
250
249
248
250
249
251
248
248
249
248
249
247
250
