301
304
298
300
298
303
298
299
301
301
299
341
298
298
303
297
299
299
299
300
299
298
298
298
298
298
304
298
298
298
298
301
299
298
298
301
343
299
300
299
298
302
304
300
306
297
297
299
298
299
298
303
432
305
302
299
298
299
302
300
299
300
304
299
304
299
299
298
297
298
298
300
304
306
300
306
301
298
447
299
301
299
299
298
299
300
298
298
305
304
299
298
300
298
299
304
299
299
298
303
299
303
298
299
304
299
302
298
302
298
298
299
300
298
298
298
299
301
300
298
364
299
298
299
300
340
299
299
302
298
302
298
302
475
303
343
298
299
299
299
298
301
363
302
300
300
300
299
298
304
300
298
298
299
298
305
299
300
298
299
300
298
303
299
302
299
298
298
299
299
302
298
302
298
298
305
305
298
298
299
304
299
299
298
299
298
298
299
304
299
305
300
300
302
301
304
298
299
314
303
301
303
299
299
301
299
304
302
299
300
299
499
299
298
308
298
301
302
298
298
300
298
299
298
406
299
302
299
298
303
299
304
300
298
299
300
298
301
300
304
299
302
304
299
298
298
299
304
299
298
298
298
300
298
298
299
299
298
299
298
298
302
298
304
304
304
298
303
298
300
298
347
335
305
370
304
300
299
304
298
303
299
298
300
299
298
298
298
298
298
298
303
299
298
300
299
299
304
298
298
298
303
301
304
298
299
298
299
298
299
298
298
303
303
303
299
301
300
300
305
300
302
298
298
298
304
305
298
302
303
298
298
299
299
304
304
299
298
299
299
299
304
298
302
299
300
298
301
302
298
299
307
301
298
300
301
299
305
299
298
299
305
299
299
297
299
301
304
299
298
298
368
301
298
305
300
298
298
300
299
304
301
299
299
298
301
303
300
299
305
299
300
303
305
298
301
301
298
301
306
298
298
303
298
299
299
299
298
305
305
300
298
304
345
298
299
301
299
298
298
299
298
299
298
302
301
298
299
299
298
302
298
297
298
298
299
300
298
304
302
299
303
301
299
302
300
299
298
305
302
304
298
299
301
300
299
298
299
300
303
301
299
299
298
298
299
292
291
291
296
290
297
292
292
291
291
291
293
294
297
295
291
294
292
291
296
394
292
295
306
299
303
298
298
299
299
305
298
340
311
299
299
297
298
300
301
304
299
299
302
306
299
304
305
302
299
298
300
302
307
298
304
300
305
299
304
299
298
298
298
304
298
298
298
304
298
305
298
299
302
299
298
298
300
298
300
301
298
304
301
298
299
300
306
304
299
299
305
298
304
299
300
304
342
298
298
299
345
302
300
298
297
535
337
299
310
306
307
306
314
306
307
306
311
305
308
311
314
310
305
311
309
306
306
309
305
309
303
298
306
305
299
300
298
302
302
301
298
298
304
301
299
298
299
301
299
299
298
305
299
298
365
298
300
303
299
299
305
300
299
298
299
304
305
300
300
304
354
301
305
300
333
306
307
306
306
306
356
310
332
306
306
306
306
306
306
307
306
306
307
307
305
306
306
306
305
312
307
306
306
305
307
306
306
306
309
305
305
306
306
305
311
306
315
298
298
299
303
302
303
298
302
299
298
304
304
298
302
298
305
298
298
301
299
301
297
298
298
298
303
302
298
299
539
302
302
298
304
298
425
302
301
303
300
298
298
300
308
313
307
305
305
307
307
305
307
306
307
306
307
309
305
312
307
315
312
307
311
312
300
298
299
298
298
302
298
299
298
298
305
298
302
299
300
301
301
299
304
299
300
300
299
301
298
298
304
299
299
298
298
301
353
298
299
350
356
301
301
302
305
305
299
299
304
346
300
303
298
300
368
300
306
298
301
299
302
301
299
297
302
299
299
299
299
298
299
301
302
298
298
300
298
299
299
299
298
298
380
402
298
299
305
297
304
302
298
298
298
301
298
298
300
300
298
298
300
299
300
353
298
301
299
304
299
298
300
340
306
310
313
308
306
309
306
306
306
334
306
306
307
305
305
311
307
310
310
307
307
305
307
306
306
305
307
307
306
307
306
306
306
307
307
312
306
306
306
311
306
306
301
299
302
299
324
320
306
304
298
299
299
304
403
299
299
349
299
306
300
299
298
298
299
298
300
298
298
298
299
303
300
298
300
298
342
298
299
301
302
298
303
302
306
307
305
312
306
306
312
309
311
305
305
306
306
306
307
307
311
316
314
308
308
307
300
302
299
298
299
303
303
302
312
299
299
303
303
299
299
357
299
306
300
299
298
301
298
300
470
298
346
299
322
303
302
299
300
299
298
298
299
