360
398
400
355
362
366
364
368
363
366
364
367
365
367
366
367
367
363
364
364
367
385
386
364
364
358
355
355
356
355
362
355
356
357
358
358
359
355
357
360
355
355
356
357
355
357
355
354
355
354
354
355
358
356
355
358
355
353
478
357
358
396
459
359
359
363
475
409
368
368
369
368
364
363
365
380
366
367
365
363
368
366
368
363
366
358
355
355
355
358
355
355
355
357
359
360
357
354
358
358
355
357
357
358
355
355
359
357
355
359
355
354
357
357
565
355
355
360
355
359
355
357
392
478
357
377
363
363
365
371
364
368
364
364
366
365
366
365
368
368
364
364
366
365
371
385
355
355
358
355
355
358
355
358
358
358
355
359
357
362
405
403
356
358
358
359
405
366
386
358
355
359
732
360
355
361
357
403
354
360
355
466
357
365
356
365
367
366
380
366
363
369
365
363
363
366
368
366
365
366
366
363
365
367
363
366
354
431
356
358
360
355
360
355
358
353
356
358
357
354
358
358
355
400
356
355
356
357
360
355
358
361
376
391
389
360
387
379
367
428
360
357
359
356
359
369
365
365
368
387
368
371
369
364
363
364
367
366
365
365
368
365
367
367
367
366
355
360
357
359
358
359
359
359
355
355
355
359
358
358
355
354
390
396
370
370
368
365
370
364
366
369
365
364
364
362
364
363
366
364
369
367
368
367
369
367
356
355
400
358
356
355
425
356
354
358
355
354
357
354
357
355
354
355
356
355
359
356
359
355
354
358
355
359
355
359
355
359
409
355
477
570
358
356
391
358
364
366
386
368
364
367
363
365
411
366
363
363
366
367
364
367
364
364
366
363
359
358
358
355
354
357
354
355
357
354
355
358
357
357
358
356
359
357
354
355
357
409
469
404
355
359
354
356
355
580
734
470
405
359
367
355
360
359
355
355
354
355
355
358
354
355
374
356
356
360
360
363
356
364
356
355
406
355
355
355
359
355
359
359
357
355
359
355
358
354
359
401
356
358
356
356
358
357
357
355
357
361
358
354
354
360
355
358
356
358
354
359
355
358
355
360
356
355
361
367
418
427
441
455
454
544
487
459
430
434
416
419
418
404
357
359
354
358
354
357
357
359
361
355
360
358
359
355
355
356
355
356
358
357
357
355
359
356
359
358
359
358
354
356
359
356
358
422
356
359
356
358
356
354
356
354
360
355
355
354
355
358
355
359
356
358
358
354
355
358
355
357
355
357
357
360
355
355
357
358
357
356
355
357
357
354
358
355
355
354
357
357
355
355
357
359
358
355
357
354
355
360
357
355
357
356
358
357
355
358
355
355
355
355
355
356
359
359
355
355
354
354
355
355
359
358
360
358
355
354
355
354
355
355
354
356
355
359
355
355
356
359
359
357
356
355
358
353
357
357
355
360
356
354
355
354
360
359
401
359
358
354
354
354
355
359
354
359
356
356
358
359
356
358
357
359
358
359
358
355
404
354
354
357
355
355
355
359
358
355
358
356
359
355
354
359
359
358
356
355
524
363
356
357
354
358
355
354
357
354
354
355
356
354
358
358
357
354
356
355
359
355
359
359
354
354
371
355
356
358
355
357
358
356
358
356
355
355
357
416
359
359
354
360
360
360
398
354
354
355
357
356
359
357
359
357
359
355
355
355
358
355
358
358
355
355
358
357
355
358
358
354
354
355
356
359
357
357
358
357
358
355
400
359
355
357
355
354
354
355
354
354
359
358
355
355
355
358
355
358
360
357
357
361
355
358
358
360
355
355
357
415
357
358
357
359
355
354
358
357
354
354
359
355
539
356
401
355
355
355
358
355
358
358
358
359
355
355
359
354
357
358
358
359
354
360
355
354
358
354
361
359
355
355
358
355
359
357
359
355
358
357
359
359
358
356
355
354
359
359
356
354
358
359
359
358
355
355
355
355
358
358
358
402
355
355
355
354
359
354
356
354
355
360
360
358
358
355
360
356
354
357
355
360
355
361
355
354
395
355
403
359
360
358
354
359
358
355
356
355
357
358
357
354
358
356
355
359
355
360
355
360
357
354
403
355
357
359
356
355
359
355
358
355
354
354
357
354
355
358
357
358
358
355
355
357
357
360
356
355
400
356
356
355
358
356
359
354
355
358
359
354
422
355
358
361
356
355
358
360
359
354
358
355
357
358
356
359
404
355
359
356
354
355
356
357
354
358
358
358
354
354
354
357
354
354
355
356
355
356
355
357
358
357
417
358
354
465
355
356
354
358
355
355
354
356
355
354
357
354
733
410
405
408
