421
421
418
418
419
417
418
417
460
416
418
545
416
417
417
421
417
417
417
416
422
419
421
417
424
417
417
420
419
417
419
418
422
426
420
425
417
418
416
417
417
420
417
419
419
419
417
417
419
418
417
418
425
416
423
425
417
418
418
493
419
417
425
505
422
417
421
417
417
424
416
418
417
425
417
417
418
426
421
487
418
425
418
417
420
420
423
417
417
417
417
418
420
418
416
418
420
421
416
417
420
603
420
417
419
418
424
420
415
416
420
420
416
417
417
418
467
424
420
426
421
424
416
427
416
407
414
573
407
410
410
406
407
414
407
411
407
411
407
412
408
407
407
424
417
419
418
426
418
417
421
425
426
424
416
421
417
420
420
418
421
419
416
421
453
417
420
424
421
424
421
417
417
420
419
425
421
420
422
418
425
418
417
418
425
417
424
417
418
420
424
419
420
423
417
417
417
418
421
418
421
407
408
415
409
407
408
411
410
411
407
410
407
409
408
414
414
408
408
512
412
412
408
406
410
414
407
408
406
415
417
409
408
407
410
414
408
417
407
407
426
473
417
417
417
418
421
417
418
417
418
416
418
422
417
418
424
424
418
475
484
417
419
417
421
420
419
419
420
417
464
418
418
421
418
424
417
421
425
419
422
416
416
416
420
416
422
416
418
416
416
421
425
424
418
417
424
418
418
417
418
420
417
422
418
418
417
423
417
423
417
417
416
417
417
419
416
418
419
488
462
421
460
502
426
425
418
420
417
424
419
420
418
418
417
417
419
417
485
418
416
419
469
418
417
420
417
417
425
419
417
418
418
417
424
421
425
426
475
418
420
418
426
417
417
420
418
416
418
418
417
417
420
418
418
424
418
417
425
417
427
418
417
418
421
427
421
419
417
421
464
417
425
421
418
419
417
418
419
417
418
421
418
416
420
416
416
417
417
418
417
419
408
405
411
407
407
406
414
506
459
589
407
407
414
407
410
407
407
408
408
421
418
418
418
425
418
417
416
424
419
418
419
523
418
419
425
419
420
417
424
420
475
419
416
418
418
424
492
469
422
417
417
417
421
416
417
419
418
425
419
416
418
418
463
418
417
418
416
420
418
417
417
417
418
418
423
417
417
417
417
426
417
417
417
420
425
420
425
420
463
417
417
424
419
418
417
417
417
418
420
418
418
506
416
418
417
416
419
424
417
421
417
417
460
418
422
417
417
417
420
417
418
424
422
419
422
418
418
418
425
424
427
465
464
417
418
419
420
419
416
421
419
417
419
421
415
425
615
425
420
419
417
418
418
419
417
422
420
424
424
542
434
417
420
418
425
417
420
421
421
419
418
428
430
428
428
439
428
443
427
428
428
428
427
429
428
453
428
442
429
428
417
420
417
418
416
419
424
418
426
417
552
532
475
418
420
425
420
417
417
421
590
421
417
417
422
549
503
465
422
595
419
418
480
664
422
432
427
435
429
428
437
431
428
436
428
427
427
428
430
427
428
436
429
436
428
435
429
427
432
428
427
433
432
427
429
428
427
428
435
431
433
428
427
426
418
419
418
506
417
416
759
420
417
417
416
421
424
417
419
419
419
439
430
433
426
445
428
428
428
435
432
428
435
432
428
428
428
429
429
428
426
418
416
424
417
419
417
419
463
551
475
421
460
419
418
425
620
417
424
418
417
426
417
419
416
417
420
416
419
417
421
419
418
416
592
422
416
429
427
427
426
429
435
429
435
428
429
427
427
426
435
428
429
430
427
426
426
421
417
417
418
418
420
422
424
418
418
424
426
417
417
418
416
418
416
421
417
424
418
418
425
416
418
420
417
416
417
417
419
417
427
418
470
417
429
432
464
464
427
429
437
432
454
429
427
429
427
432
439
431
431
428
427
432
428
428
429
431
429
428
436
428
432
429
431
434
430
428
428
429
431
435
420
416
421
417
420
421
417
570
420
416
418
416
482
417
418
418
417
422
428
430
428
429
428
434
429
439
432
436
432
428
428
427
434
426
430
427
428
427
434
432
429
430
426
428
429
432
434
432
428
428
432
431
431
427
428
427
417
416
596
418
418
420
416
424
425
427
416
419
856
417
466
420
564
426
428
428
428
436
428
429
429
440
431
429
428
428
436
436
428
428
435
427
430
417
424
418
424
425
419
422
417
466
417
425
417
418
416
418
420
419
424
419
417
419
422
422
418
418
417
419
419
419
418
417
417
417
419
419
425
417
422
416
418
416
421
536
418
479
417
425
421
417
465
507
417
416
540
418
418
416
428
428
427
428
428
427
