500
498
499
501
499
503
506
512
505
573
502
490
487
487
485
487
486
488
485
493
490
487
494
493
541
490
565
736
488
502
504
498
501
502
503
500
504
502
499
502
497
497
505
504
499
503
486
487
487
489
490
487
485
487
490
494
559
487
491
494
490
521
486
487
488
491
491
495
493
487
487
487
487
488
487
535
487
496
494
488
487
487
491
487
486
533
635
597
526
486
489
486
553
489
491
534
485
487
490
505
500
498
501
502
502
500
506
499
500
504
500
503
503
502
499
500
500
493
487
490
492
487
486
492
488
487
486
488
495
493
487
616
535
487
497
502
496
504
506
499
506
504
497
499
500
503
501
500
498
500
502
493
490
493
489
487
489
499
490
487
484
494
490
487
488
573
486
526
486
490
485
487
486
492
491
487
493
488
650
648
562
509
491
494
498
536
540
813
491
488
485
486
489
487
490
487
487
485
487
487
491
490
500
501
503
501
502
500
555
500
502
497
499
499
503
499
498
500
508
493
488
487
486
488
490
491
486
486
486
487
496
488
493
488
494
492
496
488
488
491
487
488
494
617
524
487
488
489
487
494
486
487
487
491
503
497
505
505
500
498
498
505
499
499
499
497
503
506
499
500
500
525
490
488
755
486
490
486
487
490
486
491
490
536
487
485
488
487
490
490
495
490
627
490
493
493
490
491
488
493
489
488
490
493
491
566
488
504
499
499
499
501
499
497
499
499
507
500
503
500
499
497
502
499
500
491
493
487
488
486
486
489
493
491
491
487
488
490
492
493
494
485
489
485
561
489
485
493
490
488
486
486
494
490
488
490
486
487
494
493
484
492
490
490
488
499
488
486
492
488
490
488
494
490
487
490
485
486
488
486
492
488
490
487
490
538
509
490
487
485
486
489
490
487
490
485
487
494
493
488
554
487
492
491
485
494
485
489
488
490
485
486
487
492
488
487
488
488
491
488
501
492
485
491
524
485
488
485
485
484
488
487
487
490
489
490
486
687
540
489
490
487
489
484
490
488
487
489
484
488
493
487
489
487
487
487
488
486
493
488
491
491
488
495
489
491
485
486
487
490
492
492
488
487
487
485
488
490
487
487
492
489
486
492
487
490
485
489
490
489
492
489
492
487
489
487
639
487
487
485
487
494
487
485
490
490
488
489
494
490
486
485
594
497
493
490
488
494
490
487
487
487
495
487
490
488
487
556
493
485
487
671
490
493
488
490
488
493
487
485
542
489
489
490
493
487
486
489
487
493
486
490
490
487
490
494
487
476
478
481
561
478
476
478
648
475
479
475
475
476
478
475
475
475
478
485
490
487
488
487
492
489
487
487
487
490
493
488
490
485
491
487
488
473
473
539
477
473
474
482
481
475
475
477
478
474
479
473
581
479
479
492
485
493
488
486
490
492
494
490
490
490
487
488
534
487
610
488
491
501
501
504
503
502
503
498
505
500
502
498
502
499
502
502
499
499
499
484
489
490
493
487
490
494
566
486
486
487
488
550
573
494
490
490
487
487
490
488
486
489
487
486
487
494
494
490
487
643
555
491
489
485
487
486
495
486
488
486
487
485
488
487
487
582
486
491
492
560
485
481
476
475
929
493
482
479
476
476
474
481
522
473
481
518
474
480
492
500
499
496
502
499
505
500
500
501
503
500
500
500
499
497
499
502
489
487
484
488
491
487
493
488
486
490
490
486
493
494
686
484
492
492
490
492
486
655
491
489
490
485
491
490
494
485
613
642
980
653
556
488
488
679
494
488
488
486
488
548
486
489
489
487
485
488
530
488
490
490
487
487
487
487
493
485
488
489
490
486
491
490
488
485
493
487
478
475
478
476
481
475
476
784
478
479
482
474
482
477
614
530
557
500
500
499
500
506
498
497
502
501
499
499
504
499
501
499
497
499
485
490
490
486
487
645
491
492
493
493
486
528
488
489
487
489
487
491
567
490
573
486
494
489
486
575
486
490
485
496
525
525
485
487
489
487
500
497
502
503
497
504
497
503
499
499
502
499
499
500
500
502
499
490
489
493
496
487
663
537
487
492
492
490
489
487
492
487
489
487
490
500
498
502
499
497
502
497
503
524
501
496
502
503
501
498
500
499
490
492
491
491
490
490
487
487
491
492
610
492
488
491
491
487
487
487
490
489
487
487
493
493
485
494
486
538
649
561
487
495
487
493
489
499
501
507
499
556
497
500
500
497
502
503
505
499
502
499
502
501
505
488
487
490
494
490
486
490
487
493
485
495
487
486
490
487
489
543
489
488
490
490
