609
514
515
516
516
514
503
503
503
503
504
503
515
510
504
503
506
502
503
633
503
502
503
516
515
516
517
516
516
515
516
515
515
515
515
516
515
515
515
517
517
515
516
516
515
516
516
516
515
515
515
515
516
515
576
516
516
515
518
517
516
518
516
515
516
515
516
516
515
514
515
516
515
517
515
515
518
517
515
559
517
516
516
516
516
517
516
516
515
515
516
522
515
516
515
515
516
516
515
515
520
516
516
515
515
516
515
619
517
516
515
516
515
516
515
515
515
515
515
515
516
529
515
516
515
560
517
515
516
516
515
515
515
582
516
516
515
515
517
515
516
515
632
516
517
516
515
516
515
515
515
515
516
515
515
515
518
515
515
516
516
515
515
515
515
515
515
568
519
516
516
516
516
517
515
516
515
515
517
516
568
516
515
525
516
515
515
516
515
515
516
515
515
515
515
517
516
515
515
517
515
515
516
515
515
516
515
515
516
516
516
517
517
634
515
518
515
515
515
518
515
515
515
516
515
516
516
517
515
517
516
516
515
516
516
515
516
515
517
516
515
504
503
502
503
503
502
503
505
503
512
619
504
503
503
502
505
504
515
516
516
515
518
515
515
515
516
515
515
515
515
515
515
516
516
503
504
504
503
503
504
503
503
504
503
503
507
504
503
503
502
504
515
515
516
516
516
516
517
557
516
514
591
516
515
516
516
516
517
503
503
567
504
503
503
503
561
504
503
503
549
606
505
503
504
504
503
504
502
503
503
601
946
504
504
503
506
504
597
521
503
503
516
515
516
516
515
519
514
514
516
515
515
516
517
516
517
560
515
516
519
518
518
516
516
514
517
515
515
611
516
516
515
514
515
518
515
515
515
516
515
515
516
514
564
516
517
515
516
515
516
515
515
515
515
515
515
516
515
515
515
515
516
515
516
515
759
555
515
515
516
518
516
516
517
519
517
515
515
517
515
515
515
515
515
516
515
547
517
515
516
514
515
515
515
515
515
515
517
564
514
582
517
516
515
515
516
514
514
515
515
515
514
517
515
515
516
517
515
505
503
505
506
503
503
505
502
503
504
503
672
506
502
503
503
505
515
515
519
515
519
516
516
517
515
515
517
516
516
515
514
517
515
515
576
515
516
516
514
515
515
517
516
516
516
516
517
516
515
515
514
518
515
562
516
517
518
515
515
515
517
515
516
516
516
515
519
516
517
518
515
516
615
515
516
516
516
683
585
515
515
515
514
515
515
515
516
516
515
517
519
515
516
515
515
515
515
516
515
516
515
516
515
515
516
516
516
515
516
516
515
515
516
514
515
514
504
504
503
503
502
614
503
606
504
503
560
504
505
502
504
504
504
515
516
520
517
515
515
517
515
565
515
515
518
516
516
518
515
516
515
514
515
514
516
515
638
515
607
515
516
516
518
515
515
516
515
516
557
515
519
516
515
515
515
515
515
515
515
516
515
517
516
516
515
517
515
516
514
516
516
515
515
516
609
514
517
515
515
515
515
516
514
515
516
516
516
516
517
515
577
516
515
519
519
515
515
516
516
515
515
516
516
515
516
515
515
515
516
516
577
515
516
516
517
519
515
515
516
515
516
515
516
516
516
672
517
518
517
516
515
516
517
517
516
516
515
515
515
515
516
517
516
515
515
515
515
503
503
505
503
503
504
503
503
503
503
623
503
503
503
504
563
505
516
516
516
515
515
515
660
516
682
541
538
516
515
744
517
516
527
529
528
529
529
528
529
531
529
529
527
529
534
528
529
529
503
503
503
502
504
503
503
504
503
503
503
503
504
504
503
503
520
605
622
643
661
852
642
622
621
607
603
603
546
529
529
531
528
529
528
531
528
527
528
528
529
529
532
550
505
503
515
503
503
505
555
502
503
503
504
503
503
503
502
502
514
515
515
755
516
620
521
515
515
518
516
515
517
516
516
515
528
528
530
529
529
528
530
527
527
528
528
528
527
527
528
528
528
516
516
516
515
518
515
516
516
516
515
516
515
516
515
515
516
515
502
503
505
504
503
503
504
505
503
504
504
567
504
547
516
504
516
515
514
516
515
716
516
516
515
516
517
515
516
515
515
515
515
516
518
515
517
516
515
516
516
516
514
515
515
516
515
530
515
516
503
503
504
503
504
504
503
503
504
503
503
503
503
503
504
503
503
514
515
515
515
515
602
517
517
515
516
516
518
515
516
516
564
554
516
517
520
526
515
598
516
522
516
516
517
517
515
516
515
515
516
515
516
516
517
516
641
517
515
644
515
543
519
515
