40
40
49
40
40
41
41
41
41
40
41
40
40
41
40
41
40
40
40
40
41
41
40
41
40
40
48
41
39
40
39
48
40
40
40
40
40
48
40
40
48
40
40
40
39
41
40
39
40
40
39
48
40
39
39
40
39
39
39
40
39
40
39
48
40
49
40
39
39
40
39
41
40
40
40
40
41
40
39
40
40
39
39
40
39
40
39
39
39
41
48
39
40
39
40
40
48
40
48
40
40
39
40
40
41
40
39
42
40
40
40
42
40
40
40
48
40
40
48
40
41
40
40
39
48
40
40
39
40
40
40
54
39
40
40
79
40
40
47
39
39
39
49
40
41
40
48
40
41
40
41
51
41
41
42
49
41
41
41
40
40
41
41
41
41
41
40
40
40
41
41
40
49
40
40
41
40
41
49
40
40
40
40
40
40
40
39
39
49
40
39
39
39
48
40
40
40
40
40
40
40
39
40
40
39
41
40
40
45
40
39
40
40
39
47
40
39
40
41
39
40
40
40
40
39
40
40
40
39
40
48
39
40
40
40
39
40
41
40
40
39
39
39
39
39
40
40
40
39
41
39
39
40
39
39
40
48
39
39
40
40
40
41
40
48
40
39
40
39
40
40
40
40
39
40
39
39
39
39
39
39
40
48
40
40
39
40
39
39
40
40
60
41
42
48
39
40
39
40
40
40
39
40
40
40
39
39
39
48
40
39
40
40
40
40
42
39
40
39
40
40
40
40
40
48
40
41
40
40
75
41
40
40
40
40
40
39
39
39
47
106
39
40
40
39
39
40
40
40
40
40
40
40
40
40
40
40
39
40
39
39
40
39
39
41
47
40
45
39
41
40
40
39
39
75
41
40
40
40
39
40
61
49
41
41
41
41
40
39
48
40
47
41
40
39
39
40
39
39
41
40
39
39
39
40
41
40
41
40
41
41
49
48
40
41
41
41
41
41
40
40
40
45
41
40
40
49
40
41
40
41
40
41
40
41
40
41
40
41
41
40
40
40
40
40
40
40
40
40
40
40
40
39
40
40
40
40
39
40
40
41
48
39
48
40
39
39
40
40
41
39
41
40
40
40
48
55
39
41
40
39
39
41
40
39
40
43
42
39
39
41
40
47
40
40
39
40
39
39
39
40
40
40
39
40
49
41
39
40
40
40
41
66
40
40
40
40
40
40
40
41
41
42
41
41
41
41
41
49
41
40
40
41
41
40
41
40
40
40
41
41
40
41
41
41
40
40
41
46
46
64
42
42
39
40
40
48
40
91
40
40
40
40
40
40
40
40
40
40
42
48
40
39
40
40
40
39
40
39
40
39
39
40
81
42
39
57
41
41
41
40
41
41
40
41
49
41
49
40
41
41
40
40
41
41
41
40
41
40
41
41
41
40
40
43
48
41
41
41
41
50
40
41
41
40
40
41
40
41
49
41
40
40
41
41
40
49
41
41
40
41
40
40
41
41
41
41
41
41
41
41
41
41
41
40
40
40
41
40
41
41
41
41
41
40
40
40
40
39
40
39
40
40
40
40
40
40
40
39
40
40
40
40
40
39
47
40
40
40
48
40
40
40
39
40
39
40
39
39
102
40
40
40
40
40
39
40
40
48
41
48
40
48
40
40
39
39
40
39
40
40
39
40
39
40
40
40
40
39
39
40
48
40
40
40
40
39
39
41
39
40
39
39
40
41
40
39
48
40
40
40
83
48
40
40
40
40
40
40
39
40
48
39
40
48
39
42
39
40
39
39
39
40
40
40
40
41
41
40
40
40
41
41
40
41
40
41
40
40
40
49
41
40
40
41
40
41
42
41
40
40
41
40
41
40
41
41
41
41
41
40
41
43
49
47
39
48
40
39
40
39
40
39
40
40
40
40
40
40
40
39
39
45
39
40
40
39
48
40
39
39
41
40
40
40
81
48
40
40
40
41
40
40
40
49
40
49
41
41
40
40
82
45
41
41
40
49
40
41
41
49
40
41
40
40
40
40
41
41
41
40
41
49
41
41
40
41
49
39
39
39
40
40
40
39
40
39
39
48
48
39
40
39
40
40
40
39
39
39
40
40
40
39
40
39
40
40
41
40
40
39
40
46
40
40
39
39
39
39
39
47
40
39
48
39
39
40
40
40
39
39
40
40
40
40
40
40
40
40
40
48
40
40
40
39
48
48
40
40
39
40
40
40
40
41
42
41
40
49
40
49
41
49
40
41
40
41
40
41
41
41
41
40
40
40
40
42
41
40
40
40
41
40
41
41
41
41
41
41
41
