72
72
73
72
72
73
72
71
73
72
72
73
73
73
72
72
72
73
73
72
72
71
72
73
72
72
73
72
72
72
72
72
72
72
72
73
72
72
72
72
72
72
72
73
72
72
72
73
73
72
72
72
72
72
71
73
72
72
72
72
72
72
72
72
72
74
73
72
72
73
72
73
72
73
72
72
72
73
73
73
72
73
72
73
73
72
72
72
72
72
72
72
73
72
72
72
73
72
73
73
73
72
72
72
72
72
73
72
73
72
73
72
72
72
72
72
73
72
73
73
72
72
72
72
73
73
72
72
77
73
72
73
72
74
73
72
74
73
74
74
74
75
77
74
76
73
74
74
75
75
77
74
74
75
75
74
74
74
74
74
73
74
76
74
74
76
74
75
75
74
74
74
73
75
75
74
74
74
75
74
74
74
74
74
74
74
75
73
74
73
74
74
74
74
74
75
74
75
74
74
74
74
74
73
73
72
73
73
72
72
73
73
75
73
72
73
71
72
74
73
73
72
72
74
73
72
72
72
72
73
71
73
72
72
73
72
73
72
72
73
73
73
72
72
72
72
72
73
72
72
73
72
72
72
72
72
72
72
72
72
72
72
72
72
160
72
73
73
72
72
73
72
72
76
72
72
72
72
72
72
130
74
72
73
73
73
72
72
72
72
72
72
72
73
76
93
72
74
72
72
72
73
74
75
75
74
75
74
75
74
74
74
75
75
74
74
77
74
74
75
74
74
74
74
74
74
74
73
74
74
75
74
76
75
74
73
72
72
72
72
72
72
72
72
73
73
73
71
72
72
72
72
72
72
72
72
72
72
72
72
72
72
73
73
72
72
72
73
72
72
73
73
72
72
73
74
72
72
72
72
73
72
72
72
73
72
72
72
72
72
73
73
73
72
73
74
72
72
72
72
72
73
72
71
73
73
72
72
71
72
73
72
73
92
72
75
72
74
74
72
72
72
72
72
72
72
72
73
72
72
73
72
72
73
72
74
73
74
74
74
74
74
118
74
74
74
74
74
75
75
74
74
74
74
74
74
74
74
73
77
74
74
74
74
74
74
74
75
74
73
72
72
73
73
73
73
72
72
72
72
72
72
72
73
72
72
72
73
72
135
73
72
72
74
72
72
72
72
72
72
73
72
72
73
72
72
73
72
73
72
72
72
72
72
73
73
72
72
72
72
72
72
72
72
72
72
72
72
72
72
73
72
73
73
73
72
72
72
73
72
73
72
72
73
72
72
72
148
72
72
73
72
73
71
75
72
73
72
72
72
72
72
72
71
72
72
72
73
72
72
71
72
73
72
73
72
72
72
74
72
72
72
73
73
73
72
73
72
72
89
72
72
72
72
72
73
72
71
72
72
73
73
72
72
72
72
73
73
79
72
72
72
72
72
72
72
72
72
72
72
72
72
72
72
72
72
72
72
72
72
73
72
72
72
73
73
72
72
73
73
73
72
73
73
72
108
72
73
72
73
74
73
72
72
72
72
72
73
72
72
73
72
72
72
72
71
72
72
73
72
72
72
72
72
72
73
72
72
85
82
82
72
72
72
73
72
72
73
72
72
72
73
72
72
72
72
72
72
72
72
74
72
73
73
72
72
72
72
72
72
73
72
72
72
73
72
72
72
71
72
72
72
73
73
72
72
73
72
73
72
72
72
72
72
72
72
72
72
72
72
93
72
72
73
73
73
73
72
72
72
72
72
72
72
74
72
72
72
72
72
72
73
72
72
156
72
73
72
72
72
72
72
73
72
72
72
71
73
72
72
73
148
83
82
72
73
72
72
71
73
72
73
72
73
72
73
73
72
72
72
73
72
72
73
72
72
72
140
72
72
73
72
72
72
73
72
73
74
72
72
73
72
72
72
72
72
72
72
73
72
72
72
72
72
72
72
73
72
72
72
73
73
72
72
72
72
72
73
72
72
72
72
73
73
71
73
72
72
72
71
72
72
72
72
72
73
72
72
72
72
72
72
72
73
72
72
72
72
75
72
73
72
73
72
72
72
72
73
74
72
72
83
74
74
74
73
73
72
72
72
73
72
72
72
72
72
72
72
73
72
72
72
73
72
135
73
72
72
74
78
73
73
72
72
71
94
72
73
72
73
72
72
72
72
73
72
72
72
72
73
73
73
72
72
72
72
72
72
72
73
71
72
72
72
72
72
72
72
72
72
72
72
73
73
72
120
72
72
72
73
72
72
73
72
73
72
72
72
72
72
72
72
73
71
71
72
72
72
71
72
72
72
72
72
72
72
72
72
72
72
