92
92
93
92
93
92
92
92
92
92
93
92
92
93
93
92
94
93
94
92
92
92
93
94
92
93
92
93
92
93
93
94
92
92
93
93
92
93
92
92
92
93
93
92
93
93
93
93
92
93
93
92
92
92
93
92
92
93
92
93
92
92
93
92
93
94
93
93
93
92
94
92
93
92
93
92
92
92
93
92
92
93
92
93
92
92
92
92
92
93
94
92
92
92
93
92
92
93
92
93
93
92
93
93
93
92
93
93
93
93
93
94
92
92
92
93
92
142
93
93
93
92
93
93
93
130
92
93
93
92
92
93
92
92
92
93
93
93
93
92
92
93
93
93
94
93
94
92
92
93
94
92
93
92
92
94
93
92
92
93
217
93
93
93
92
93
92
92
94
93
92
92
92
92
92
93
92
93
93
92
93
92
92
92
92
93
93
92
93
93
93
92
92
93
93
93
92
92
93
93
93
93
93
93
92
92
92
93
93
93
93
95
95
93
93
93
92
93
93
95
93
92
93
92
92
93
92
94
93
93
93
190
105
92
93
92
93
92
93
92
92
93
92
92
92
93
93
93
92
95
94
96
132
125
93
93
93
92
93
93
92
92
92
93
92
93
92
93
92
93
92
92
93
92
93
92
93
92
93
92
93
93
93
93
92
93
92
92
93
92
92
92
92
92
92
92
92
92
93
93
92
92
93
93
92
93
93
93
93
94
93
93
92
92
93
93
93
93
93
93
93
92
142
93
93
92
92
92
92
108
133
96
92
93
93
93
92
93
92
92
93
92
92
93
93
93
93
92
93
94
95
95
95
95
94
95
95
95
94
95
94
95
95
95
95
95
94
95
95
95
95
94
97
95
94
94
95
95
97
95
92
92
93
92
94
92
93
92
92
93
92
93
93
92
93
92
92
92
92
92
93
93
92
92
92
94
94
93
94
96
93
93
93
93
92
92
92
92
93
93
93
135
92
93
93
92
93
94
93
93
93
92
92
93
93
93
93
145
94
148
95
95
94
96
95
97
95
95
95
96
95
96
95
96
96
95
95
95
95
95
95
95
95
94
95
95
95
95
95
95
94
95
95
95
94
97
94
95
95
95
94
95
190
95
95
95
94
95
95
95
95
95
95
95
95
95
94
96
98
95
95
95
100
95
95
95
96
95
95
95
95
95
96
95
95
96
95
95
94
95
94
95
96
94
95
94
95
95
95
96
98
95
96
95
96
94
95
95
94
95
94
94
94
96
98
94
94
95
95
95
95
95
95
94
94
94
94
95
95
95
95
152
97
95
93
93
93
94
92
93
93
94
94
92
93
93
93
93
93
93
92
93
92
93
92
93
93
93
92
93
93
92
95
93
94
95
95
95
97
95
95
95
95
96
95
95
95
95
95
95
94
95
95
95
94
95
95
94
95
95
95
94
95
95
94
95
94
95
95
95
95
95
96
95
95
96
95
96
95
95
95
95
95
94
95
95
96
95
94
95
96
95
95
95
94
95
95
95
95
95
95
95
95
95
95
95
96
96
95
96
94
95
95
96
95
94
95
95
94
95
95
97
96
94
94
95
93
92
93
93
92
108
93
93
93
92
135
93
94
95
92
92
93
94
92
139
93
92
93
92
93
93
92
93
92
92
92
92
93
93
165
92
93
94
92
93
92
92
93
92
93
93
92
93
92
92
95
92
92
93
93
93
156
114
195
92
93
95
95
123
95
95
94
95
95
95
95
96
96
94
95
95
96
95
95
95
95
95
95
95
94
95
95
94
95
95
95
95
95
95
95
95
95
96
95
95
95
95
97
95
94
95
96
96
94
95
95
96
94
94
96
95
95
95
95
95
96
96
95
92
93
92
93
92
93
93
93
93
93
93
92
93
150
93
93
93
92
93
92
92
92
93
106
105
93
93
92
92
93
95
94
95
94
96
95
95
95
95
95
95
95
95
95
95
95
95
95
95
95
96
95
95
95
94
94
95
95
98
95
95
95
94
94
96
95
95
95
95
95
95
95
95
95
94
95
95
95
95
95
95
95
95
94
95
96
94
95
94
94
95
95
95
92
93
94
92
92
92
93
93
93
93
92
93
93
94
93
93
93
93
93
93
93
92
92
93
93
93
93
93
92
93
93
93
92
92
93
93
93
93
94
120
93
150
93
93
92
93
93
92
93
92
93
93
94
93
93
92
121
92
93
94
95
94
94
95
95
95
95
94
95
94
96
96
95
95
95
95
94
95
96
96
95
95
94
95
95
95
95
94
94
95
98
95
93
92
94
93
92
92
