119
120
120
120
119
120
119
120
121
119
119
120
119
119
119
119
120
120
120
119
121
121
119
119
120
169
120
119
189
120
120
121
120
119
119
119
120
120
122
119
119
119
121
119
119
202
176
153
120
169
140
120
122
123
123
131
123
123
124
123
122
124
123
131
123
122
122
123
123
123
122
123
122
123
123
124
228
123
122
123
123
122
122
122
122
124
122
123
123
122
123
122
124
125
122
122
123
123
123
122
122
123
122
123
122
123
122
122
123
122
119
120
120
119
120
119
120
119
119
120
119
119
122
121
120
172
120
120
119
119
120
120
185
120
120
119
119
120
120
119
119
119
120
120
119
120
119
120
121
119
119
121
119
119
119
120
121
119
121
120
119
120
119
210
120
120
120
123
123
122
123
122
123
123
122
123
123
124
122
122
123
122
122
123
124
122
123
122
123
122
123
122
123
122
123
122
123
119
121
119
119
120
122
120
120
119
119
119
119
119
120
120
120
120
120
120
120
119
119
121
120
120
119
119
119
119
119
120
119
119
120
120
120
120
119
119
120
119
119
120
120
120
120
121
120
119
119
120
120
119
175
203
120
119
123
122
124
123
122
122
123
123
123
122
123
123
123
122
123
123
123
122
140
126
124
123
124
122
133
123
122
123
122
119
120
119
119
119
119
121
120
119
119
122
120
120
119
120
119
120
120
119
121
119
120
120
119
119
121
127
119
119
121
119
120
119
169
119
121
120
119
119
193
120
121
120
119
121
119
119
122
119
153
121
120
119
120
120
119
119
119
122
123
123
123
125
124
123
122
124
123
124
123
123
123
122
122
123
123
123
123
123
123
123
123
123
122
123
122
122
122
122
122
122
123
123
122
123
123
122
123
122
122
123
124
123
123
122
122
124
122
123
123
128
124
122
122
122
123
120
122
121
120
120
120
120
120
119
119
120
119
119
119
119
119
119
120
145
120
120
120
119
120
120
119
120
120
120
122
122
122
122
122
124
122
122
122
122
123
122
123
122
122
122
123
122
122
123
122
122
122
122
124
123
123
123
122
119
120
119
120
120
120
120
119
119
122
119
220
142
119
120
119
119
120
120
120
120
122
120
120
120
120
120
123
137
123
123
122
123
122
122
123
122
124
122
122
123
124
123
122
122
123
123
122
123
122
122
123
123
122
122
122
122
122
119
121
125
119
120
119
119
119
120
119
120
120
120
120
119
119
120
119
119
119
120
119
120
119
119
119
120
119
119
122
119
120
119
119
119
120
119
120
119
154
120
123
122
119
120
120
119
120
120
120
120
119
120
148
120
119
120
120
122
123
125
123
124
123
123
122
122
122
122
122
122
123
123
123
124
122
123
122
125
123
123
122
122
122
124
122
122
120
120
120
120
119
120
119
119
119
120
119
119
119
119
120
119
119
119
166
119
119
120
120
120
120
119
162
123
120
120
122
119
120
119
121
120
121
120
121
119
120
119
120
120
120
120
119
120
120
120
119
120
119
229
121
120
123
120
122
123
123
122
122
122
122
123
123
122
122
123
122
122
123
123
122
122
122
122
123
122
122
122
123
123
122
122
122
121
119
204
162
120
119
119
120
119
120
119
120
120
120
120
119
120
119
119
119
120
119
120
119
119
119
119
119
121
120
119
119
120
120
121
121
120
119
119
120
120
119
119
119
119
120
120
119
120
119
120
119
120
120
120
120
120
119
119
119
119
120
119
188
120
120
120
178
120
119
134
119
119
120
119
119
119
120
119
119
120
120
119
120
119
120
120
120
120
119
120
121
119
119
120
119
119
120
122
120
120
120
120
119
120
119
119
120
120
120
120
120
119
120
120
119
122
119
120
119
120
120
119
120
120
119
120
121
120
120
125
119
119
119
119
122
120
120
120
119
120
120
121
120
119
119
120
119
120
119
120
120
120
119
121
120
170
120
121
119
119
119
120
119
119
120
120
119
120
119
120
121
121
120
120
119
120
119
119
119
120
119
120
119
120
119
120
120
119
119
121
120
120
120
120
120
119
120
120
120
119
119
119
120
119
119
119
120
122
120
119
119
122
120
119
119
262
155
120
120
120
119
121
120
120
119
119
120
119
120
120
120
119
119
120
119
119
119
120
119
120
119
123
119
120
156
120
121
119
120
120
120
119
121
121
120
119
120
120
119
120
121
119
122
122
123
123
122
124
123
122
123
123
122
122
123
122
122
124
122
123
122
123
122
123
122
122
124
122
123
124
122
120
119
119
119
119
119
120
119
119
121
120
119
119
120
120
119
119
120
120
