148
148
149
147
148
150
149
148
148
149
147
148
149
149
148
148
147
148
149
148
147
148
149
148
147
149
150
149
152
148
149
149
148
148
148
149
148
149
148
148
150
149
147
148
148
148
148
148
148
148
149
148
149
202
148
149
148
153
147
148
149
148
151
150
149
148
149
148
148
148
148
150
156
149
149
147
148
149
149
148
148
148
148
187
149
149
148
149
148
149
148
152
152
153
152
152
153
152
151
152
152
151
151
152
151
151
152
152
152
151
152
152
152
152
152
151
151
152
153
150
149
150
149
149
148
148
148
147
148
148
148
148
149
148
149
147
148
173
148
148
150
149
149
150
148
148
150
149
148
149
148
147
148
148
148
149
149
149
148
148
148
148
149
149
149
147
149
148
148
150
149
148
148
148
149
149
148
152
148
149
149
150
148
163
149
152
149
149
286
148
150
148
148
149
149
149
148
149
149
148
152
153
152
153
152
152
154
152
152
152
152
152
154
152
154
151
152
152
151
152
151
152
152
152
153
152
151
148
149
148
148
148
148
148
148
149
148
149
148
147
149
148
148
149
148
149
148
148
148
149
148
148
148
149
147
148
148
148
148
148
148
147
149
149
149
148
148
148
148
147
148
147
148
148
148
149
148
148
148
148
148
147
149
148
149
149
149
148
167
189
149
148
149
149
151
148
149
149
148
148
148
149
148
148
263
192
153
155
153
153
152
152
153
152
151
152
155
152
153
153
154
152
151
152
153
152
152
152
153
152
152
153
153
151
153
152
152
151
152
153
152
158
152
153
152
152
152
152
151
152
151
153
152
153
152
154
152
152
174
152
151
152
154
153
152
152
151
152
152
151
154
153
152
152
152
152
151
151
153
152
152
153
153
152
153
152
152
152
148
149
150
149
149
149
148
148
148
149
148
149
148
148
147
148
148
148
149
148
149
148
148
148
148
148
149
152
152
152
152
152
152
152
153
153
152
152
153
151
151
151
152
152
152
152
151
151
152
151
151
152
152
152
216
150
149
148
149
149
148
148
148
148
149
148
148
148
149
148
149
148
148
148
148
147
149
148
147
148
148
148
148
148
149
147
150
148
149
149
148
234
148
149
148
148
148
148
149
148
148
148
148
148
150
149
148
148
148
150
151
148
230
149
150
149
148
149
148
148
148
148
148
155
148
149
148
149
148
149
148
150
148
148
150
148
148
148
150
147
149
149
149
148
148
148
148
148
149
148
149
149
149
148
148
150
269
148
148
148
148
148
148
149
148
148
148
148
148
147
148
147
149
148
148
149
148
149
148
149
148
148
147
149
148
147
148
148
183
148
149
148
148
328
149
148
149
148
149
149
148
149
147
148
147
148
149
148
149
148
148
149
149
148
148
148
149
148
148
195
148
149
149
149
148
149
149
148
148
148
148
148
148
263
149
147
149
148
148
148
148
150
149
149
148
149
148
149
148
148
147
148
149
149
148
148
147
149
148
148
148
148
149
148
149
148
150
148
148
148
148
148
148
150
149
148
148
148
148
148
148
152
148
148
148
147
148
148
148
148
149
148
147
148
148
148
149
149
149
148
149
148
149
148
149
148
149
148
148
148
148
149
148
149
149
149
148
148
147
148
148
149
148
148
148
148
148
148
147
148
148
149
148
148
147
148
148
148
149
149
148
148
149
149
150
148
148
148
148
149
148
149
148
148
148
148
148
148
148
148
148
148
221
148
148
149
148
150
149
149
148
235
150
148
148
152
147
149
149
148
150
149
148
147
148
148
148
148
148
148
148
148
148
148
147
147
148
196
148
148
148
149
148
148
148
147
149
148
148
148
148
149
148
149
149
148
147
149
149
148
148
149
148
148
148
149
148
148
149
147
149
149
148
148
149
148
148
148
148
149
152
148
148
148
148
148
148
148
148
148
148
147
148
148
148
148
149
149
149
149
149
149
147
147
148
149
148
148
148
148
149
148
148
148
148
207
149
148
148
149
149
148
149
150
148
149
148
149
148
148
148
148
147
149
149
148
149
149
147
148
148
148
148
148
149
148
148
148
149
150
148
148
148
148
148
148
148
148
148
148
147
148
148
149
148
149
148
148
147
149
148
148
148
149
148
148
149
150
148
148
148
148
148
148
149
148
148
149
150
149
148
148
150
148
149
148
148
148
149
148
149
149
148
150
149
148
149
149
148
148
148
148
148
148
148
149
149
148
151
148
148
148
149
148
149
149
148
148
149
148
148
151
148
148
148
148
148
149
149
147
149
147
149
149
148
148
149
148
148
147
148
149
