186
185
184
185
253
185
184
186
187
184
185
185
191
185
184
184
185
184
184
185
185
186
186
186
186
185
185
186
185
185
184
186
187
185
186
184
186
184
185
185
185
185
184
186
185
185
185
185
185
185
185
185
185
185
184
185
303
185
187
185
185
185
186
185
184
184
185
186
187
187
186
186
184
185
185
184
185
185
184
185
186
186
211
184
185
185
185
185
184
184
185
185
185
185
185
184
185
185
185
185
185
184
185
184
184
184
186
186
185
250
185
187
184
184
186
186
187
185
186
185
186
185
184
185
185
185
185
184
185
186
185
185
184
185
185
184
184
185
227
186
185
185
185
186
185
185
185
190
187
184
184
187
185
185
185
184
186
184
184
314
186
185
184
184
185
231
186
185
184
185
185
185
185
184
185
185
185
185
185
185
184
191
224
185
184
185
184
286
188
185
185
185
185
184
185
185
185
187
185
185
184
187
184
185
186
185
185
185
186
184
185
185
185
184
184
368
185
209
187
286
360
187
185
185
186
186
185
185
184
184
184
185
224
187
184
184
184
186
185
185
185
190
189
190
190
189
192
189
190
190
189
191
191
188
189
192
189
191
190
191
190
190
190
189
190
189
287
186
184
184
185
185
185
185
184
185
185
185
184
185
184
185
185
186
184
185
184
189
226
185
186
186
184
185
205
185
186
189
184
362
185
185
185
184
184
185
184
185
185
185
184
228
210
187
184
190
190
189
190
189
189
189
189
189
189
188
189
191
189
189
189
189
188
189
190
190
192
190
190
190
186
185
184
282
361
186
185
185
185
185
185
185
184
185
187
184
184
184
185
184
185
184
185
184
185
185
184
185
185
185
185
186
185
186
185
186
185
184
185
184
186
184
184
186
185
185
184
185
185
185
185
186
184
185
185
223
275
186
185
185
185
184
184
184
184
185
185
186
184
185
185
185
185
185
185
190
189
189
191
189
189
189
191
190
189
189
189
190
190
189
189
190
189
189
189
190
189
189
189
190
189
185
185
185
184
185
185
185
185
185
186
184
185
185
185
186
184
185
185
186
185
186
185
186
185
184
185
184
185
184
185
184
185
184
184
184
185
185
184
186
185
232
184
185
185
185
184
186
184
185
185
185
186
184
185
186
184
185
185
185
184
184
185
185
184
185
184
185
185
184
185
184
187
186
184
185
184
185
283
184
185
185
184
185
185
185
185
185
184
184
184
186
210
211
185
185
184
185
185
185
185
187
185
184
185
185
185
185
185
185
185
185
185
184
184
185
185
184
184
186
184
184
185
185
185
185
186
206
185
184
185
185
232
184
184
186
184
186
186
185
186
184
186
185
186
186
185
185
186
184
184
185
185
186
185
185
185
184
184
186
184
185
186
186
185
184
186
184
185
185
185
185
184
186
184
186
184
184
184
184
185
186
185
184
184
186
185
184
185
185
185
184
187
185
185
184
185
184
185
185
184
186
184
185
185
184
185
185
185
184
186
185
185
186
184
184
185
184
184
185
185
184
185
186
185
184
185
185
184
185
185
187
191
185
184
185
274
185
184
185
185
187
185
185
184
185
184
185
184
185
184
184
184
185
185
184
185
186
185
185
185
184
185
186
185
185
185
185
184
185
185
184
185
186
184
185
185
185
185
186
185
184
185
185
184
185
185
185
184
187
186
185
186
185
185
184
185
185
186
185
187
184
185
186
185
185
185
184
185
185
185
185
228
185
185
184
185
185
185
185
186
184
185
184
185
184
184
185
186
186
185
185
186
185
186
188
184
185
186
184
185
185
184
185
185
185
185
186
184
185
184
185
185
188
185
184
185
184
185
185
186
184
185
185
185
185
185
185
184
185
185
184
186
185
185
185
184
185
185
185
185
184
185
255
185
309
185
186
184
184
186
187
185
185
186
186
194
235
454
454
439
450
445
217
217
218
216
217
217
210
200
185
185
185
185
185
244
223
222
233
218
212
210
211
203
184
184
185
185
185
185
185
185
185
186
184
184
187
185
186
186
185
184
184
350
184
247
185
231
185
213
186
184
184
185
184
187
184
185
185
185
184
185
185
185
184
185
184
185
185
184
185
185
186
185
187
187
184
185
185
186
186
185
184
184
185
186
184
185
187
185
186
185
185
184
185
184
185
184
184
185
185
185
184
184
185
185
185
184
184
185
185
184
185
184
185
184
185
185
184
184
185
185
186
186
186
185
186
186
184
185
185
184
185
184
184
185
185
185
185
185
185
184
184
185
185
184
185
185
185
185
185
185
186
186
185
186
185
186
187
