223
224
223
222
222
222
224
222
222
222
225
223
223
224
223
223
224
223
223
223
223
223
222
223
224
223
223
223
223
223
223
223
223
223
223
223
223
224
222
222
291
223
227
224
224
223
223
223
223
223
224
223
223
223
223
227
223
223
222
223
222
223
224
222
223
223
223
223
225
224
224
222
223
223
224
264
223
224
224
223
222
223
223
224
224
224
224
223
222
224
223
223
222
223
222
224
223
223
223
223
225
222
222
224
223
223
224
224
223
223
223
223
224
223
223
291
224
223
223
224
225
223
223
224
222
224
223
224
223
223
362
224
225
223
223
223
222
223
224
226
269
224
223
254
234
235
236
227
223
223
223
223
223
222
223
225
222
224
224
224
224
223
223
223
223
223
224
222
225
223
223
224
222
225
225
222
223
223
223
223
222
223
223
222
223
223
223
225
290
223
224
224
275
222
223
223
223
223
224
224
223
223
223
223
223
222
223
224
223
223
223
222
223
224
223
223
224
223
223
223
223
223
223
223
223
222
223
223
224
223
223
223
222
223
223
223
223
223
224
223
223
224
222
224
223
226
222
223
226
223
222
223
241
226
222
222
223
223
223
223
326
224
225
223
273
223
224
222
223
223
223
223
223
223
222
222
223
223
222
224
222
223
224
223
222
225
224
225
225
224
223
225
223
223
225
223
223
223
224
223
223
223
222
223
223
223
223
223
224
222
225
223
224
223
222
224
224
223
224
223
223
223
223
223
224
223
224
223
223
224
222
224
225
223
229
289
223
224
224
224
224
223
223
224
224
222
223
224
223
224
223
223
225
223
223
223
222
223
223
223
223
223
224
222
222
223
224
223
223
223
226
223
223
223
222
225
225
223
223
223
223
222
228
223
223
222
223
224
223
223
223
223
223
224
223
224
223
222
222
223
223
224
223
222
223
223
223
225
223
223
223
223
222
224
223
222
223
223
224
223
223
223
225
223
224
224
223
223
224
226
224
224
224
224
223
225
225
225
223
223
222
223
223
223
223
223
223
223
223
223
223
222
223
224
223
225
223
222
224
223
223
224
224
225
222
224
222
223
223
223
223
222
223
226
222
223
224
223
223
224
223
223
223
222
223
224
223
224
223
223
224
225
224
222
224
223
224
223
223
223
223
226
223
223
223
225
223
223
223
290
225
224
222
223
223
223
224
223
226
288
223
223
224
223
222
223
223
223
223
223
223
223
223
223
226
222
223
225
223
223
223
223
225
223
223
223
223
223
223
223
223
223
224
223
225
223
224
224
223
223
223
223
223
224
223
222
225
224
224
223
222
223
223
223
223
223
223
224
223
229
223
223
281
224
223
224
223
226
223
223
223
222
224
224
223
223
224
223
222
223
224
223
224
224
223
226
223
266
223
224
223
223
223
222
222
224
222
224
224
224
222
223
224
222
225
223
223
223
225
224
225
226
223
223
223
223
224
224
224
225
223
223
223
223
223
224
224
223
281
296
223
228
228
229
229
229
229
229
229
228
228
228
229
228
229
228
229
228
228
229
229
234
230
228
223
222
225
223
224
223
223
222
223
224
223
223
224
223
222
224
223
223
223
223
225
223
224
223
223
223
223
222
223
223
223
223
223
223
224
223
222
223
223
223
223
223
223
223
238
224
224
223
223
224
224
222
224
223
224
254
234
460
294
254
223
265
224
224
222
224
223
223
225
265
228
228
229
228
229
228
228
228
229
262
255
254
228
229
229
230
230
228
228
229
231
229
228
223
223
223
223
223
223
224
223
223
224
228
226
222
222
223
348
269
229
332
224
223
223
228
229
228
228
229
295
254
230
233
234
245
236
234
228
228
228
228
229
229
228
229
229
241
223
224
270
223
224
223
225
223
223
224
223
224
222
223
225
224
223
223
223
223
222
224
223
223
223
222
224
278
224
259
225
224
224
224
224
223
223
263
223
223
307
224
223
223
224
225
229
231
230
229
229
230
229
229
231
231
230
228
228
229
231
228
229
229
231
229
230
229
228
230
228
229
229
228
228
231
229
228
228
229
230
231
229
228
230
228
229
228
228
229
229
228
229
222
224
223
223
223
255
224
223
224
223
223
222
224
225
223
224
223
223
223
223
223
283
224
223
223
222
223
223
225
223
224
223
222
222
224
224
224
225
296
224
224
223
223
223
224
223
229
228
233
228
229
228
228
231
228
229
228
229
230
228
229
228
230
229
228
228
228
230
228
223
223
222
222
224
223
223
223
303
230
287
225
223
223
224
222
223
223
224
223
223
223
224
223
224
223
