270
272
270
271
270
271
272
270
272
271
271
271
270
271
272
270
270
271
270
270
272
271
270
270
272
272
272
272
270
271
271
272
270
271
433
271
270
276
452
272
271
277
278
278
277
277
277
277
278
278
278
277
278
277
277
276
278
279
277
279
277
278
278
271
270
271
271
352
309
270
274
271
270
270
272
274
271
270
271
342
271
270
272
273
271
272
270
271
271
271
272
272
271
270
270
272
273
270
271
271
272
274
271
270
405
271
280
278
278
280
278
278
277
277
279
278
278
279
276
277
278
279
277
280
278
288
278
271
270
271
271
271
271
271
271
272
272
270
272
271
271
271
271
271
271
270
271
276
271
379
271
270
273
271
355
272
425
286
271
271
271
272
271
271
270
270
276
272
557
272
277
278
279
278
277
278
277
278
277
277
277
279
277
278
277
277
277
278
277
278
277
316
271
277
271
271
271
271
270
272
272
271
271
271
271
270
271
271
276
270
271
271
270
270
272
270
279
272
271
271
272
271
272
270
271
271
271
270
271
272
271
271
275
277
271
277
309
277
278
278
280
277
277
278
277
277
277
280
278
277
277
278
278
277
279
277
277
272
270
270
270
272
271
272
271
271
270
271
271
271
271
271
270
271
271
270
271
270
270
271
271
349
271
313
309
313
401
281
270
271
271
271
271
271
271
271
271
272
271
277
277
277
276
313
277
278
278
277
278
277
277
277
279
278
277
444
359
308
278
280
271
270
270
271
270
270
271
270
271
274
273
272
271
271
270
271
270
271
271
270
271
270
270
271
272
270
271
273
271
271
271
274
271
271
272
271
270
271
272
270
270
271
271
270
270
271
270
271
405
272
271
271
271
314
272
271
274
271
275
271
270
271
270
270
274
270
277
276
277
295
279
277
277
277
279
279
277
278
277
277
278
277
278
277
278
277
279
277
272
270
272
271
270
271
271
271
270
271
270
274
270
271
272
271
271
271
271
395
273
272
271
271
272
271
270
273
270
272
335
271
272
270
272
317
271
271
270
270
272
270
271
270
271
270
272
271
271
270
271
271
271
271
272
334
271
270
271
271
271
271
271
272
271
270
311
270
271
271
271
272
271
272
270
311
271
272
271
270
272
271
270
270
271
272
271
270
271
271
271
398
272
270
272
271
270
271
271
271
271
271
272
272
270
271
271
270
271
271
270
271
270
272
271
271
270
271
270
270
270
271
271
271
270
271
271
271
270
271
272
270
270
271
271
318
271
271
272
272
271
271
270
270
271
273
270
271
270
271
272
271
270
271
271
270
271
271
270
271
271
271
270
270
271
270
270
272
271
270
272
271
272
270
271
271
271
271
319
270
271
270
270
271
272
270
272
274
271
270
272
271
271
270
270
270
271
270
271
271
272
271
270
270
271
272
271
270
270
270
271
271
271
271
271
273
271
272
270
270
270
270
272
271
272
270
272
272
271
271
271
271
271
270
271
270
271
270
271
271
271
270
270
270
271
271
271
270
270
270
270
272
270
270
270
270
271
272
271
270
270
271
270
273
279
285
287
271
270
270
272
270
271
270
272
272
270
270
271
270
272
271
270
342
271
273
272
271
270
271
270
270
271
272
271
314
272
270
271
271
271
271
271
270
270
271
272
273
271
272
271
271
271
271
272
270
271
271
272
271
270
272
272
270
272
270
270
271
271
271
272
270
270
270
270
270
270
271
270
270
270
272
271
272
271
271
270
271
271
270
270
270
270
271
270
270
271
271
270
271
270
271
270
272
271
272
271
270
271
270
270
270
271
271
270
272
270
271
271
271
270
270
271
270
271
272
271
271
271
271
271
270
271
270
271
270
270
271
271
270
270
329
271
271
270
270
271
271
353
271
270
270
271
272
270
271
271
271
270
309
271
270
270
271
272
272
271
272
272
273
270
272
271
270
272
271
270
271
270
271
270
270
271
271
271
271
272
271
271
381
272
270
272
271
270
271
271
272
270
271
270
271
270
272
271
270
271
271
272
271
272
272
270
270
271
270
271
270
270
270
270
271
271
271
270
271
271
270
271
317
270
272
379
271
272
272
271
271
270
271
271
271
271
272
271
271
270
271
278
278
278
279
278
279
277
278
277
278
279
277
278
278
277
277
277
278
278
277
278
277
277
271
270
271
271
270
270
270
270
271
270
271
273
270
271
271
272
271
271
270
271
271
270
271
270
272
272
270
270
271
270
271
272
270
272
271
271
271
270
271
271
314
273
271
272
271
272
271
272
272
271
272
271
271
272
271
271
270
270
270
271
273
