321
321
320
326
321
320
321
324
321
322
321
321
323
322
320
320
321
321
321
321
322
320
321
321
322
321
321
320
321
325
320
322
322
322
321
320
322
322
322
321
321
321
321
321
323
321
323
322
321
321
359
322
320
322
321
321
321
322
320
320
321
321
321
321
321
325
320
321
323
322
321
321
321
322
322
321
320
321
321
320
320
321
321
329
321
320
321
321
321
320
320
322
321
320
320
322
322
320
321
322
321
321
321
322
321
322
321
322
313
313
313
313
313
313
314
315
313
313
314
314
315
314
313
314
314
313
314
314
313
320
321
322
321
322
322
325
321
320
322
322
321
321
430
324
322
321
324
320
321
320
321
321
442
362
357
322
322
322
321
320
321
322
320
322
321
320
321
320
320
322
320
322
321
321
321
320
322
321
322
320
320
321
320
322
321
320
322
320
321
321
321
322
321
321
321
321
320
322
321
323
321
323
322
321
321
321
321
321
321
328
322
321
321
321
321
321
321
321
321
320
325
322
321
322
323
321
321
320
321
324
320
322
321
321
322
322
321
321
322
320
321
322
322
321
329
321
321
321
321
322
321
320
321
321
321
321
361
322
323
321
321
325
322
322
322
320
321
321
321
321
323
320
321
321
321
405
321
321
321
321
321
321
321
380
322
321
322
322
322
320
321
321
325
321
321
322
323
323
322
320
321
322
377
321
321
321
367
320
321
320
322
323
320
320
321
321
320
321
320
321
322
321
321
320
321
320
320
321
324
323
321
320
321
321
322
320
320
322
321
320
321
321
320
321
321
321
321
321
321
323
321
321
322
322
321
321
313
313
313
314
313
314
313
313
313
314
312
320
424
366
320
313
314
314
315
314
321
322
321
321
321
321
320
322
322
320
321
321
321
320
321
321
321
321
322
321
320
321
320
321
322
322
321
376
321
320
323
321
321
321
320
322
322
428
321
322
321
322
321
321
321
322
321
323
321
320
321
321
322
322
320
322
321
393
376
320
323
321
321
322
320
322
321
321
321
321
320
321
321
321
320
366
321
324
322
322
322
321
321
322
322
321
320
322
322
321
320
321
324
320
321
320
322
413
321
321
322
321
321
365
321
321
321
323
320
321
321
321
320
321
322
322
321
321
320
321
321
384
321
320
321
321
321
321
659
425
365
322
321
320
321
320
322
321
323
321
323
321
320
321
321
321
321
320
320
320
321
321
322
321
322
321
322
320
321
320
321
322
322
322
321
322
321
321
321
321
321
321
321
321
322
322
321
320
321
321
320
323
323
320
321
322
321
322
324
321
322
324
322
320
321
321
323
323
324
321
325
353
322
322
321
321
321
320
321
320
321
320
321
321
320
320
321
322
321
320
321
321
322
321
321
322
321
321
321
322
321
320
321
367
320
321
322
321
321
337
321
321
323
321
436
323
321
322
322
321
321
320
321
321
321
320
322
321
321
321
321
321
321
323
320
313
314
313
313
314
313
313
313
313
314
313
313
313
317
314
313
314
315
313
313
314
321
321
320
321
320
393
321
322
321
321
321
321
325
321
321
321
321
321
321
321
321
321
322
321
320
320
321
322
321
321
321
321
321
321
320
321
320
322
323
321
321
321
320
321
321
320
321
321
321
657
426
365
322
323
365
365
321
324
323
322
328
411
313
314
313
313
313
371
360
315
313
314
314
314
314
313
314
315
314
314
331
321
320
413
322
321
322
321
321
320
321
321
322
322
321
321
321
320
321
320
320
321
323
321
322
366
321
321
320
385
323
321
321
321
320
323
486
322
321
321
321
321
321
321
320
320
321
321
324
323
321
321
320
321
321
323
321
321
321
322
321
322
321
320
321
322
321
321
321
320
321
320
386
323
321
322
322
321
320
322
320
322
320
321
320
321
321
321
321
321
323
322
321
380
322
320
321
322
321
361
321
321
323
322
322
321
321
421
321
444
321
321
321
321
322
321
321
320
321
322
321
321
322
321
320
322
321
321
321
321
321
321
321
322
321
351
323
322
321
321
395
322
320
321
322
320
320
321
321
322
321
321
321
321
321
321
321
321
320
321
320
321
321
321
316
313
313
314
314
314
313
313
313
313
315
315
313
312
314
512
313
463
314
312
312
320
323
322
321
320
321
322
322
321
322
322
322
320
321
322
320
320
320
321
321
321
321
321
321
322
321
322
321
321
381
321
320
320
322
323
321
321
321
320
321
326
322
323
322
440
321
321
432
322
321
322
322
321
321
321
320
321
322
321
321
321
329
330
330
329
329
329
329
329
329
330
329
329
