389
389
390
389
391
393
391
390
390
390
391
392
390
390
390
392
392
395
392
390
389
389
424
389
397
405
391
380
382
382
381
380
380
380
384
380
382
382
381
380
382
379
380
381
381
382
380
380
419
380
380
381
379
380
380
383
382
381
421
380
381
380
381
430
401
389
425
391
394
390
391
393
391
389
391
390
392
390
389
391
390
390
389
389
389
391
390
390
391
391
391
390
392
390
391
390
389
391
392
390
391
389
390
380
380
380
380
380
383
380
380
380
381
380
380
476
380
599
381
427
381
390
391
389
390
391
390
389
390
391
390
389
390
390
391
390
390
392
624
456
432
380
380
380
380
381
380
462
379
380
380
380
381
381
381
380
379
380
381
380
380
384
458
381
397
423
382
380
380
380
594
379
380
380
380
623
462
390
389
395
390
390
391
390
390
390
389
389
390
390
390
390
391
390
390
392
389
381
381
446
381
380
380
380
381
436
380
380
380
380
379
380
381
381
380
380
381
380
380
380
380
381
567
388
381
381
381
380
382
385
420
382
382
389
390
390
390
389
391
389
389
390
389
389
390
390
390
389
389
391
391
391
381
381
381
489
383
379
395
462
380
380
381
381
380
383
382
386
380
381
382
390
391
450
390
389
391
391
392
391
391
390
390
389
434
391
392
390
390
390
389
391
390
389
390
390
393
390
390
390
390
389
391
389
392
391
391
390
380
381
381
382
380
380
379
380
383
382
380
380
381
381
380
381
384
381
383
469
381
381
381
380
382
381
536
430
381
381
381
379
381
380
380
382
381
380
389
390
390
392
391
389
503
721
502
433
391
390
389
390
390
391
389
390
380
379
382
381
381
380
384
383
382
382
380
380
380
382
382
380
380
424
381
381
380
381
379
380
380
380
425
382
381
380
381
381
381
380
381
381
380
381
380
382
380
380
380
382
380
397
446
380
380
380
381
381
381
382
432
382
380
389
390
390
390
391
390
393
391
390
390
389
394
389
390
390
389
389
392
390
380
380
383
380
380
381
380
381
380
380
381
380
380
381
381
379
425
380
424
379
382
431
380
381
381
381
381
380
381
379
382
432
381
380
381
419
384
383
389
390
389
389
391
390
391
391
391
389
390
392
393
390
389
389
391
390
389
382
380
381
380
381
382
380
381
380
380
381
381
382
380
382
380
381
380
381
380
379
380
380
380
381
379
458
475
381
380
380
380
380
380
380
382
380
379
380
380
380
380
382
381
381
586
512
381
381
382
480
380
382
381
586
385
391
390
390
391
390
389
390
390
389
391
390
389
390
392
393
403
390
391
390
380
380
380
380
379
381
382
380
381
380
381
382
427
380
381
380
380
379
380
381
371
372
448
371
372
371
654
622
371
372
371
371
372
371
371
555
372
372
389
390
391
391
389
390
389
390
391
390
390
390
393
393
390
391
390
390
390
391
382
380
380
380
381
380
380
380
380
380
381
380
644
381
439
483
384
427
380
381
380
462
380
380
502
381
383
380
380
380
381
381
380
381
381
382
382
390
391
389
389
391
390
390
389
390
390
389
389
390
389
389
389
395
389
390
380
380
381
380
380
379
382
381
380
381
380
381
380
381
381
383
381
450
382
391
389
391
389
390
389
390
390
389
390
389
390
389
390
390
389
389
389
402
381
380
383
475
433
390
399
379
380
380
380
380
380
382
380
381
383
503
436
410
389
390
390
395
390
390
390
390
390
390
389
389
418
390
391
389
389
390
416
390
403
392
391
390
390
390
391
389
389
391
391
390
389
391
391
383
380
425
381
379
381
380
383
380
381
381
380
381
380
381
379
379
380
380
380
380
380
380
381
380
380
380
380
380
381
380
380
380
380
380
380
381
380
380
381
380
421
483
382
381
382
382
383
381
379
379
380
381
383
382
380
383
391
391
390
390
389
389
391
390
390
390
390
390
390
392
390
390
390
404
390
380
380
380
380
381
380
380
381
380
381
381
380
502
434
380
380
380
382
381
371
373
438
371
370
371
371
371
372
371
389
372
371
371
371
371
371
371
371
371
380
381
381
380
380
381
382
379
380
381
379
380
381
381
380
381
382
379
381
380
380
380
382
380
380
380
380
381
381
381
380
381
381
384
381
382
381
381
382
380
380
382
380
380
381
381
381
380
379
381
379
381
380
381
380
381
380
381
374
371
404
372
372
372
371
371
380
372
371
371
373
371
372
371
371
372
371
381
380
380
380
381
380
379
381
380
381
381
382
380
379
381
380
380
381
381
391
371
373
370
371
371
370
371
372
371
