430
432
431
431
432
430
431
431
430
430
430
430
430
430
434
431
491
430
430
431
431
440
440
469
441
430
430
441
442
442
441
441
828
583
452
457
440
442
441
441
440
441
441
430
431
430
430
431
431
432
432
431
431
430
430
431
430
431
430
431
430
431
430
431
431
430
431
430
441
431
430
430
431
430
431
430
431
430
430
430
441
441
442
440
442
440
440
442
441
441
441
441
442
441
440
441
440
442
430
433
430
430
538
528
431
523
430
430
431
431
430
614
481
430
430
443
440
441
440
440
442
442
445
445
443
441
577
441
443
440
442
442
441
443
441
441
443
441
441
441
442
440
442
440
441
440
441
503
501
443
440
442
442
440
441
441
441
447
440
443
441
540
441
440
440
441
441
441
430
507
531
430
433
430
430
431
431
431
430
432
430
430
430
431
430
484
431
440
442
440
441
444
441
441
441
441
443
647
453
442
442
814
443
451
451
452
454
452
452
452
451
452
453
452
452
452
451
453
452
452
452
441
487
441
442
442
442
442
445
441
440
442
441
440
441
441
561
491
467
452
452
452
452
452
453
452
469
451
453
452
453
453
452
453
452
451
441
519
441
447
441
441
441
441
442
444
441
441
440
441
441
443
526
441
442
441
441
442
441
711
441
443
442
442
441
441
441
441
441
442
441
443
442
441
687
441
442
441
443
443
441
441
441
631
442
440
440
481
442
441
442
442
442
443
441
440
441
441
442
440
440
441
441
440
441
441
443
440
442
442
440
509
441
491
442
441
440
442
442
441
519
441
441
442
441
441
440
441
442
443
443
442
441
442
442
441
441
441
441
441
440
440
441
441
441
441
441
441
441
443
441
442
442
441
440
442
441
441
441
441
555
441
442
441
531
441
501
440
441
480
442
441
441
441
442
441
441
440
441
440
442
443
442
441
442
440
440
583
503
443
441
440
444
442
440
441
441
440
441
442
442
441
441
440
444
441
441
441
441
441
441
441
441
441
441
440
441
441
441
440
442
441
511
447
441
441
441
440
441
647
568
453
453
452
452
452
452
453
453
459
453
453
452
453
454
453
452
452
452
441
442
441
441
441
441
441
442
441
441
601
441
442
449
442
441
442
441
441
441
594
441
441
442
480
479
440
442
497
442
442
444
521
441
442
724
583
502
478
459
452
452
451
453
453
452
452
452
451
452
452
453
564
432
430
433
430
430
431
431
478
430
430
508
543
578
431
430
431
454
451
453
452
452
451
453
452
452
452
451
452
452
453
454
452
452
452
452
452
451
453
452
453
452
452
452
451
453
452
452
454
453
454
451
441
442
441
442
441
441
441
442
442
441
440
442
441
440
442
441
441
441
440
443
441
442
443
441
441
441
441
441
440
440
441
440
441
441
571
442
440
441
441
440
440
442
443
441
441
441
441
441
441
441
441
441
441
441
441
441
540
441
441
441
440
442
443
442
442
442
473
510
503
443
440
441
440
441
440
441
441
440
442
441
441
487
443
443
440
440
440
441
441
440
441
441
441
441
441
442
461
441
441
441
441
440
441
444
441
442
443
440
440
441
440
441
442
440
441
441
442
443
441
441
441
441
440
442
440
432
430
431
430
430
430
430
430
431
431
432
430
432
431
430
438
431
430
429
431
430
431
430
432
469
430
431
431
507
461
430
430
433
431
430
431
442
440
441
509
442
487
441
442
442
441
440
442
440
441
442
442
444
440
442
442
440
441
440
441
488
441
440
442
441
583
502
440
447
441
440
441
506
441
440
440
440
441
598
441
441
441
442
440
441
441
441
440
440
441
441
441
441
441
441
441
441
440
440
441
441
441
441
441
441
441
442
441
441
440
441
483
441
442
440
441
442
443
441
442
441
441
440
443
442
441
442
441
441
441
440
443
441
441
441
441
441
440
441
443
484
440
440
441
430
431
431
431
431
430
430
430
430
431
430
477
430
430
430
431
431
430
470
430
430
431
431
430
432
431
430
479
432
431
430
431
431
431
431
430
458
430
431
430
431
432
430
430
431
431
430
432
431
432
431
430
476
432
430
430
430
430
430
430
430
431
431
434
433
431
431
526
431
431
431
430
430
430
441
441
446
441
442
442
441
440
441
445
444
442
441
441
441
441
441
441
430
431
430
430
430
431
431
431
434
430
504
452
431
431
431
431
430
447
442
440
441
443
443
442
441
443
441
442
441
442
441
441
440
441
441
440
432
432
431
431
431
430
430
431
432
430
432
431
431
432
431
431
432
434
441
443
440
442
445
442
440
441
441
441
442
441
